# a=100
# e=0.70
# i=90
# Ω=0
# ϖ=0,10, ... 80, 90

a=100 e=0.70 i=90 Ω=0 ϖ=0
L0,30.00,0.00,0.00
L7,22.67,0.00,26.83
L14,7.14,0.00,45.45
L21,-9.89,0.00,57.07
L28,-26.27,0.00,64.22
L35,-41.51,0.00,68.45
L42,-55.54,0.00,70.66
L49,-68.43,0.00,71.41
L56,-80.27,0.00,71.04
L63,-91.13,0.00,69.80
L70,-101.10,0.00,67.87
L77,-110.22,0.00,65.38
L84,-118.57,0.00,62.42
L91,-126.18,0.00,59.08
L98,-133.09,0.00,55.41
L105,-139.34,0.00,51.46
L112,-144.95,0.00,47.27
L119,-149.95,0.00,42.89
L126,-154.37,0.00,38.34
L133,-158.21,0.00,33.64
L140,-161.49,0.00,28.83
L147,-164.22,0.00,23.92
L154,-166.42,0.00,18.93
L161,-168.09,0.00,13.88
L168,-169.24,0.00,8.79
L175,-169.87,0.00,3.66
L182,-169.98,-0.00,-1.47
L189,-169.57,-0.00,-6.59
L196,-168.65,-0.00,-11.70
L203,-167.20,-0.00,-16.77
L210,-165.23,-0.00,-21.79
L217,-162.73,-0.00,-26.74
L224,-159.68,-0.00,-31.59
L231,-156.08,-0.00,-36.34
L238,-151.92,-0.00,-40.96
L245,-147.17,-0.00,-45.42
L252,-141.82,-0.00,-49.69
L259,-135.85,-0.00,-53.75
L266,-129.22,-0.00,-57.54
L273,-121.92,-0.00,-61.03
L280,-113.89,-0.00,-64.17
L287,-105.11,-0.00,-66.87
L294,-95.51,-0.00,-69.05
L301,-85.04,-0.00,-70.60
L308,-73.63,-0.00,-71.37
L315,-61.20,-0.00,-71.14
L322,-47.66,-0.00,-69.61
L329,-32.95,-0.00,-66.33
L336,-17.04,-0.00,-60.58
L343,-0.17,-0.00,-51.12
L350,16.48,-0.00,-35.85
L357,28.52,-0.00,-12.26
a=100 e=0.70 i=90 Ω=0 ϖ=10
L0,22.46,-0.00,-32.45
L7,30.21,-0.00,-7.12
L14,24.19,0.00,20.66
L21,7.32,0.00,40.38
L28,-11.73,0.00,51.51
L35,-29.78,0.00,57.29
L42,-46.21,0.00,59.81
L49,-61.06,0.00,60.24
L56,-74.45,0.00,59.21
L63,-86.56,0.00,57.15
L70,-97.51,0.00,54.32
L77,-107.40,0.00,50.90
L84,-116.34,0.00,47.02
L91,-124.41,0.00,42.79
L98,-131.65,0.00,38.28
L105,-138.13,0.00,33.54
L112,-143.90,0.00,28.63
L119,-148.98,0.00,23.58
L126,-153.42,0.00,18.43
L133,-157.23,0.00,13.21
L140,-160.45,0.00,7.93
L147,-163.08,0.00,2.63
L154,-165.16,-0.00,-2.69
L161,-166.69,-0.00,-7.99
L168,-167.68,-0.00,-13.27
L175,-168.15,-0.00,-18.51
L182,-168.10,-0.00,-23.69
L189,-167.54,-0.00,-28.80
L196,-166.47,-0.00,-33.82
L203,-164.89,-0.00,-38.74
L210,-162.80,-0.00,-43.53
L217,-160.21,-0.00,-48.20
L224,-157.10,-0.00,-52.71
L231,-153.48,-0.00,-57.04
L238,-149.34,-0.00,-61.18
L245,-144.66,-0.00,-65.11
L252,-139.45,-0.00,-68.79
L259,-133.68,-0.00,-72.20
L266,-127.35,-0.00,-75.29
L273,-120.42,-0.00,-78.05
L280,-112.89,-0.00,-80.40
L287,-104.72,-0.00,-82.31
L294,-95.89,-0.00,-83.69
L301,-86.37,-0.00,-84.47
L308,-76.12,-0.00,-84.52
L315,-65.09,-0.00,-83.72
L322,-53.25,-0.00,-81.86
L329,-40.56,-0.00,-78.69
L336,-27.00,-0.00,-73.80
L343,-12.62,-0.00,-66.61
L350,2.31,-0.00,-56.19
L357,16.91,-0.00,-40.97
a=100 e=0.70 i=90 Ω=0 ϖ=20
L0,12.04,-0.00,-54.93
L7,23.77,-0.00,-37.41
L14,31.00,-0.00,-13.67
L21,26.61,0.00,14.10
L28,9.21,0.00,35.31
L35,-11.81,0.00,46.22
L42,-31.50,0.00,50.60
L49,-49.03,0.00,51.31
L56,-64.51,0.00,49.82
L63,-78.22,0.00,46.93
L70,-90.38,0.00,43.10
L77,-101.19,0.00,38.63
L84,-110.82,0.00,33.69
L91,-119.38,0.00,28.43
L98,-126.97,0.00,22.94
L105,-133.68,0.00,17.29
L112,-139.57,0.00,11.53
L119,-144.70,0.00,5.71
L126,-149.12,-0.00,-0.14
L133,-152.88,-0.00,-5.99
L140,-155.99,-0.00,-11.81
L147,-158.49,-0.00,-17.59
L154,-160.41,-0.00,-23.31
L161,-161.77,-0.00,-28.94
L168,-162.58,-0.00,-34.48
L175,-162.87,-0.00,-39.90
L182,-162.64,-0.00,-45.20
L189,-161.90,-0.00,-50.36
L196,-160.67,-0.00,-55.36
L203,-158.95,-0.00,-60.19
L210,-156.75,-0.00,-64.85
L217,-154.06,-0.00,-69.30
L224,-150.90,-0.00,-73.54
L231,-147.27,-0.00,-77.54
L238,-143.15,-0.00,-81.30
L245,-138.56,-0.00,-84.78
L252,-133.49,-0.00,-87.97
L259,-127.92,-0.00,-90.84
L266,-121.86,-0.00,-93.35
L273,-115.30,-0.00,-95.48
L280,-108.23,-0.00,-97.18
L287,-100.63,-0.00,-98.41
L294,-92.49,-0.00,-99.12
L301,-83.80,-0.00,-99.23
L308,-74.54,-0.00,-98.66
L315,-64.69,-0.00,-97.31
L322,-54.23,-0.00,-95.04
L329,-43.16,-0.00,-91.69
L336,-31.47,-0.00,-87.02
L343,-19.19,-0.00,-80.69
L350,-6.43,-0.00,-72.24
L357,6.56,-0.00,-60.92
a=100 e=0.70 i=90 Ω=0 ϖ=30
L0,6.21,-0.00,-72.26
L7,17.04,-0.00,-58.86
L14,26.65,-0.00,-41.61
L21,32.68,-0.00,-19.28
L28,29.53,0.00,7.52
L35,12.61,0.00,30.24
L42,-10.18,0.00,41.44
L49,-31.52,0.00,44.50
L56,-50.06,0.00,43.30
L63,-66.02,0.00,39.80
L70,-79.83,0.00,34.97
L77,-91.83,0.00,29.33
L84,-102.30,0.00,23.20
L91,-111.43,0.00,16.76
L98,-119.41,0.00,10.14
L105,-126.34,0.00,3.43
L112,-132.34,-0.00,-3.30
L119,-137.49,-0.00,-10.02
L126,-141.85,-0.00,-16.67
L133,-145.49,-0.00,-23.25
L140,-148.44,-0.00,-29.71
L147,-150.76,-0.00,-36.05
L154,-152.47,-0.00,-42.24
L161,-153.61,-0.00,-48.28
L168,-154.20,-0.00,-54.14
L175,-154.26,-0.00,-59.81
L182,-153.81,-0.00,-65.29
L189,-152.87,-0.00,-70.56
L196,-151.45,-0.00,-75.61
L203,-149.56,-0.00,-80.43
L210,-147.22,-0.00,-85.00
L217,-144.43,-0.00,-89.31
L224,-141.21,-0.00,-93.35
L231,-137.54,-0.00,-97.11
L238,-133.45,-0.00,-100.56
L245,-128.93,-0.00,-103.68
L252,-123.98,-0.00,-106.47
L259,-118.61,-0.00,-108.89
L266,-112.82,-0.00,-110.92
L273,-106.60,-0.00,-112.54
L280,-99.95,-0.00,-113.70
L287,-92.88,-0.00,-114.37
L294,-85.37,-0.00,-114.51
L301,-77.42,-0.00,-114.06
L308,-69.03,-0.00,-112.96
L315,-60.20,-0.00,-111.13
L322,-50.92,-0.00,-108.48
L329,-41.20,-0.00,-104.88
L336,-31.06,-0.00,-100.19
L343,-20.51,-0.00,-94.19
L350,-9.63,-0.00,-86.62
L357,1.46,-0.00,-77.08
a=100 e=0.70 i=90 Ω=0 ϖ=40
L0,5.56,-0.00,-86.98
L7,14.82,-0.00,-75.65
L14,23.57,-0.00,-61.85
L21,31.04,-0.00,-44.84
L28,35.46,-0.00,-23.73
L35,32.73,0.00,1.51
L42,17.17,0.00,25.17
L49,-6.94,0.00,37.30
L56,-29.98,0.00,39.27
L63,-49.48,0.00,36.14
L70,-65.77,0.00,30.55
L77,-79.48,0.00,23.72
L84,-91.10,0.00,16.25
L91,-100.99,0.00,8.47
L98,-109.43,0.00,0.55
L105,-116.62,-0.00,-7.37
L112,-122.71,-0.00,-15.22
L119,-127.83,-0.00,-22.96
L126,-132.09,-0.00,-30.54
L133,-135.55,-0.00,-37.94
L140,-138.28,-0.00,-45.14
L147,-140.34,-0.00,-52.12
L154,-141.78,-0.00,-58.86
L161,-142.63,-0.00,-65.37
L168,-142.93,-0.00,-71.62
L175,-142.70,-0.00,-77.61
L182,-141.98,-0.00,-83.32
L189,-140.79,-0.00,-88.76
L196,-139.14,-0.00,-93.92
L203,-137.05,-0.00,-98.77
L210,-134.53,-0.00,-103.32
L217,-131.60,-0.00,-107.56
L224,-128.28,-0.00,-111.47
L231,-124.56,-0.00,-115.03
L238,-120.46,-0.00,-118.25
L245,-115.99,-0.00,-121.10
L252,-111.15,-0.00,-123.56
L259,-105.95,-0.00,-125.63
L266,-100.39,-0.00,-127.27
L273,-94.48,-0.00,-128.46
L280,-88.22,-0.00,-129.18
L287,-81.62,-0.00,-129.40
L294,-74.68,-0.00,-129.08
L301,-67.40,-0.00,-128.17
L308,-59.80,-0.00,-126.64
L315,-51.86,-0.00,-124.41
L322,-43.61,-0.00,-121.43
L329,-35.06,-0.00,-117.60
L336,-26.23,-0.00,-112.82
L343,-17.14,-0.00,-106.95
L350,-7.86,-0.00,-99.82
L357,1.53,-0.00,-91.20
a=100 e=0.70 i=90 Ω=0 ϖ=45
L0,7.03,-0.00,-93.58
L7,15.52,-0.00,-82.93
L14,23.61,-0.00,-70.20
L21,30.79,-0.00,-54.88
L28,36.03,-0.00,-36.27
L35,37.01,-0.00,-13.70
L42,28.83,0.00,11.49
L49,7.96,0.00,30.80
L56,-17.16,0.00,37.28
L63,-39.16,0.00,35.46
L70,-57.25,0.00,29.85
L77,-72.16,0.00,22.49
L84,-84.56,0.00,14.32
L91,-94.95,0.00,5.80
L98,-103.69,-0.00,-2.83
L105,-111.03,-0.00,-11.43
L112,-117.17,-0.00,-19.91
L119,-122.28,-0.00,-28.21
L126,-126.45,-0.00,-36.30
L133,-129.80,-0.00,-44.16
L140,-132.39,-0.00,-51.76
L147,-134.29,-0.00,-59.08
L154,-135.56,-0.00,-66.14
L161,-136.24,-0.00,-72.90
L168,-136.37,-0.00,-79.37
L175,-135.98,-0.00,-85.53
L182,-135.10,-0.00,-91.39
L189,-133.75,-0.00,-96.93
L196,-131.96,-0.00,-102.16
L203,-129.75,-0.00,-107.05
L210,-127.13,-0.00,-111.61
L217,-124.11,-0.00,-115.82
L224,-120.72,-0.00,-119.69
L231,-116.96,-0.00,-123.18
L238,-112.85,-0.00,-126.30
L245,-108.39,-0.00,-129.04
L252,-103.59,-0.00,-131.37
L259,-98.46,-0.00,-133.28
L266,-93.01,-0.00,-134.76
L273,-87.24,-0.00,-135.77
L280,-81.16,-0.00,-136.31
L287,-74.78,-0.00,-136.33
L294,-68.10,-0.00,-135.82
L301,-61.13,-0.00,-134.72
L308,-53.88,-0.00,-133.00
L315,-46.36,-0.00,-130.61
L322,-38.57,-0.00,-127.49
L329,-30.55,-0.00,-123.56
L336,-22.30,-0.00,-118.73
L343,-13.87,-0.00,-112.90
L350,-5.30,-0.00,-105.92
L357,3.34,-0.00,-97.60
a=100 e=0.70 i=90 Ω=0 ϖ=50
L0,9.59,-0.00,-99.67
L7,17.35,-0.00,-89.55
L14,24.75,-0.00,-77.66
L21,31.45,-0.00,-63.62
L28,36.78,-0.00,-46.91
L35,39.39,-0.00,-26.90
L42,36.33,-0.00,-3.42
L49,22.35,0.00,20.19
L56,-2.24,0.00,33.81
L63,-27.03,0.00,35.13
L70,-47.50,0.00,30.10
L77,-64.00,0.00,22.38
L84,-77.41,0.00,13.52
L91,-88.42,0.00,4.22
L98,-97.52,-0.00,-5.18
L105,-105.05,-0.00,-14.51
L112,-111.26,-0.00,-23.66
L119,-116.34,-0.00,-32.57
L126,-120.43,-0.00,-41.20
L133,-123.64,-0.00,-49.54
L140,-126.07,-0.00,-57.56
L147,-127.80,-0.00,-65.26
L154,-128.88,-0.00,-72.64
L161,-129.36,-0.00,-79.67
L168,-129.30,-0.00,-86.37
L175,-128.72,-0.00,-92.73
L182,-127.65,-0.00,-98.74
L189,-126.14,-0.00,-104.40
L196,-124.19,-0.00,-109.70
L203,-121.84,-0.00,-114.64
L210,-119.10,-0.00,-119.22
L217,-115.99,-0.00,-123.43
L224,-112.52,-0.00,-127.25
L231,-108.71,-0.00,-130.69
L238,-104.57,-0.00,-133.74
L245,-100.11,-0.00,-136.37
L252,-95.34,-0.00,-138.58
L259,-90.27,-0.00,-140.36
L266,-84.91,-0.00,-141.69
L273,-79.27,-0.00,-142.55
L280,-73.35,-0.00,-142.91
L287,-67.18,-0.00,-142.77
L294,-60.75,-0.00,-142.08
L301,-54.07,-0.00,-140.81
L308,-47.16,-0.00,-138.93
L315,-40.02,-0.00,-136.40
L322,-32.68,-0.00,-133.15
L329,-25.15,-0.00,-129.13
L336,-17.45,-0.00,-124.27
L343,-9.62,-0.00,-118.46
L350,-1.71,-0.00,-111.60
L357,6.21,-0.00,-103.54
a=100 e=0.70 i=90 Ω=0 ϖ=60
L0,17.69,-0.00,-110.20
L7,24.10,-0.00,-100.89
L14,30.18,-0.00,-90.22
L21,35.72,-0.00,-77.98
L28,40.40,-0.00,-63.88
L35,43.65,-0.00,-47.58
L42,44.39,-0.00,-28.64
L49,40.45,-0.00,-6.93
L56,27.69,0.00,15.66
L63,3.64,0.00,30.83
L70,-22.81,0.00,32.20
L77,-44.35,0.00,25.41
L84,-60.98,0.00,15.53
L91,-73.92,0.00,4.63
L98,-84.12,-0.00,-6.47
L105,-92.21,-0.00,-17.43
L112,-98.62,-0.00,-28.08
L119,-103.66,-0.00,-38.35
L126,-107.56,-0.00,-48.19
L133,-110.46,-0.00,-57.59
L140,-112.52,-0.00,-66.55
L147,-113.82,-0.00,-75.07
L154,-114.45,-0.00,-83.14
L161,-114.47,-0.00,-90.77
L168,-113.94,-0.00,-97.97
L175,-112.92,-0.00,-104.74
L182,-111.43,-0.00,-111.08
L189,-109.51,-0.00,-117.00
L196,-107.20,-0.00,-122.49
L203,-104.52,-0.00,-127.56
L210,-101.48,-0.00,-132.20
L217,-98.12,-0.00,-136.42
L224,-94.46,-0.00,-140.20
L231,-90.50,-0.00,-143.56
L238,-86.26,-0.00,-146.47
L245,-81.76,-0.00,-148.94
L252,-77.01,-0.00,-150.96
L259,-72.03,-0.00,-152.51
L266,-66.82,-0.00,-153.59
L273,-61.40,-0.00,-154.18
L280,-55.78,-0.00,-154.27
L287,-49.97,-0.00,-153.83
L294,-43.98,-0.00,-152.86
L301,-37.83,-0.00,-151.31
L308,-31.54,-0.00,-149.17
L315,-25.11,-0.00,-146.40
L322,-18.56,-0.00,-142.96
L329,-11.93,-0.00,-138.81
L336,-5.22,-0.00,-133.90
L343,1.51,-0.00,-128.15
L350,8.23,-0.00,-121.49
L357,14.88,-0.00,-113.82
a=100 e=0.70 i=90 Ω=0 ϖ=70
L0,29.20,-0.00,-118.21
L7,34.42,-0.00,-109.51
L14,39.30,-0.00,-99.73
L21,43.69,-0.00,-88.73
L28,47.41,-0.00,-76.36
L35,50.13,-0.00,-62.41
L42,51.37,-0.00,-46.65
L49,50.25,-0.00,-28.82
L56,45.15,-0.00,-8.84
L63,32.97,0.00,12.13
L70,10.26,0.00,28.19
L77,-17.46,0.00,30.48
L84,-40.27,0.00,22.25
L91,-57.02,0.00,10.22
L98,-69.34,-0.00,-2.72
L105,-78.52,-0.00,-15.59
L112,-85.40,-0.00,-28.02
L119,-90.50,-0.00,-39.88
L126,-94.21,-0.00,-51.13
L133,-96.76,-0.00,-61.76
L140,-98.36,-0.00,-71.79
L147,-99.14,-0.00,-81.22
L154,-99.21,-0.00,-90.07
L161,-98.67,-0.00,-98.36
L168,-97.59,-0.00,-106.11
L175,-96.01,-0.00,-113.34
L182,-94.00,-0.00,-120.04
L189,-91.59,-0.00,-126.24
L196,-88.82,-0.00,-131.95
L203,-85.72,-0.00,-137.16
L210,-82.32,-0.00,-141.89
L217,-78.64,-0.00,-146.14
L224,-74.71,-0.00,-149.91
L231,-70.53,-0.00,-153.21
L238,-66.14,-0.00,-156.03
L245,-61.54,-0.00,-158.37
L252,-56.76,-0.00,-160.23
L259,-51.80,-0.00,-161.60
L266,-46.69,-0.00,-162.48
L273,-41.43,-0.00,-162.85
L280,-36.04,-0.00,-162.72
L287,-30.53,-0.00,-162.06
L294,-24.93,-0.00,-160.86
L301,-19.23,-0.00,-159.10
L308,-13.47,-0.00,-156.76
L315,-7.66,-0.00,-153.83
L322,-1.81,-0.00,-150.26
L329,4.04,-0.00,-146.04
L336,9.87,-0.00,-141.11
L343,15.66,-0.00,-135.44
L350,21.34,-0.00,-128.97
L357,26.89,-0.00,-121.64
a=100 e=0.70 i=90 Ω=0 ϖ=80
L0,43.41,-0.00,-123.31
L7,47.60,-0.00,-115.12
L14,51.42,-0.00,-106.05
L21,54.76,-0.00,-96.01
L28,57.50,-0.00,-84.90
L35,59.43,-0.00,-72.62
L42,60.28,-0.00,-59.03
L49,59.60,-0.00,-43.97
L56,56.70,-0.00,-27.30
L63,50.31,-0.00,-9.04
L70,38.17,0.00,10.01
L77,17.03,0.00,25.95
L84,-11.14,0.00,29.80
L91,-35.44,0.00,20.69
L98,-52.42,0.00,6.59
L105,-64.02,-0.00,-8.39
L112,-72.01,-0.00,-22.97
L119,-77.48,-0.00,-36.77
L126,-81.11,-0.00,-49.71
L133,-83.31,-0.00,-61.79
L140,-84.39,-0.00,-73.05
L147,-84.56,-0.00,-83.52
L154,-83.98,-0.00,-93.25
L161,-82.76,-0.00,-102.27
L168,-81.00,-0.00,-110.62
L175,-78.76,-0.00,-118.33
L182,-76.12,-0.00,-125.43
L189,-73.11,-0.00,-131.93
L196,-69.79,-0.00,-137.86
L203,-66.19,-0.00,-143.23
L210,-62.33,-0.00,-148.06
L217,-58.25,-0.00,-152.35
L224,-53.96,-0.00,-156.12
L231,-49.50,-0.00,-159.37
L238,-44.88,-0.00,-162.11
L245,-40.12,-0.00,-164.34
L252,-35.23,-0.00,-166.07
L259,-30.24,-0.00,-167.28
L266,-25.16,-0.00,-167.99
L273,-20.00,-0.00,-168.19
L280,-14.77,-0.00,-167.87
L287,-9.50,-0.00,-167.03
L294,-4.20,-0.00,-165.65
L301,1.11,-0.00,-163.73
L308,6.42,-0.00,-161.26
L315,11.70,-0.00,-158.21
L322,16.94,-0.00,-154.57
L329,22.12,-0.00,-150.31
L336,27.20,-0.00,-145.42
L343,32.15,-0.00,-139.85
L350,36.94,-0.00,-133.58
L357,41.53,-0.00,-126.56
a=100 e=0.70 i=90 Ω=0 ϖ=90
L0,59.58,-0.00,-125.13
L7,62.87,-0.00,-117.42
L14,65.77,-0.00,-108.97
L21,68.19,-0.00,-99.73
L28,70.02,-0.00,-89.64
L35,71.15,-0.00,-78.64
L42,71.37,-0.00,-66.66
L49,70.45,-0.00,-53.61
L56,67.99,-0.00,-39.40
L63,63.41,-0.00,-24.00
L70,55.73,-0.00,-7.48
L77,43.29,0.00,9.54
L84,23.45,0.00,24.45
L91,-4.15,0.00,29.83
L98,-30.03,0.00,20.73
L105,-47.47,0.00,4.71
L112,-58.32,-0.00,-12.29
L119,-64.98,-0.00,-28.52
L126,-68.88,-0.00,-43.58
L133,-70.85,-0.00,-57.45
L140,-71.41,-0.00,-70.19
L147,-70.91,-0.00,-81.88
L154,-69.56,-0.00,-92.61
L161,-67.55,-0.00,-102.45
L168,-64.99,-0.00,-111.46
L175,-61.97,-0.00,-119.70
L182,-58.57,-0.00,-127.21
L189,-54.86,-0.00,-134.02
L196,-50.87,-0.00,-140.18
L203,-46.66,-0.00,-145.70
L210,-42.25,-0.00,-150.62
L217,-37.68,-0.00,-154.95
L224,-32.96,-0.00,-158.71
L231,-28.13,-0.00,-161.91
L238,-23.21,-0.00,-164.57
L245,-18.21,-0.00,-166.69
L252,-13.15,-0.00,-168.29
L259,-8.05,-0.00,-169.36
L266,-2.93,-0.00,-169.91
L273,2.20,-0.00,-169.95
L280,7.32,-0.00,-169.47
L287,12.43,-0.00,-168.47
L294,17.49,-0.00,-166.95
L301,22.50,-0.00,-164.91
L308,27.43,-0.00,-162.33
L315,32.28,-0.00,-159.20
L322,37.01,-0.00,-155.52
L329,41.61,-0.00,-151.28
L336,46.04,-0.00,-146.44
L343,50.28,-0.00,-141.01
L350,54.30,-0.00,-134.94
L357,58.06,-0.00,-128.22
a=100 e=0.70 i=90 Ω=0 ϖ=135
L0,135.40,-0.00,-89.75
L7,136.14,-0.00,-83.80
L14,136.39,-0.00,-77.55
L21,136.11,-0.00,-71.00
L28,135.26,-0.00,-64.15
L35,133.82,-0.00,-57.02
L42,131.72,-0.00,-49.61
L49,128.92,-0.00,-41.94
L56,125.35,-0.00,-34.02
L63,120.92,-0.00,-25.86
L70,115.53,-0.00,-17.50
L77,109.06,-0.00,-8.99
L84,101.34,-0.00,-0.37
L91,92.17,0.00,8.25
L98,81.24,0.00,16.71
L105,68.19,0.00,24.70
L112,52.44,0.00,31.69
L119,33.29,0.00,36.51
L126,10.16,0.00,36.55
L133,-14.91,0.00,26.57
L140,-32.48,0.00,4.36
L147,-37.39,-0.00,-20.55
L154,-34.83,-0.00,-41.97
L161,-28.87,-0.00,-59.56
L168,-21.36,-0.00,-74.08
L175,-13.12,-0.00,-86.16
L182,-4.57,-0.00,-96.29
L189,4.07,-0.00,-104.81
L196,12.65,-0.00,-111.97
L203,21.11,-0.00,-117.96
L210,29.38,-0.00,-122.93
L217,37.44,-0.00,-126.98
L224,45.26,-0.00,-130.21
L231,52.82,-0.00,-132.70
L238,60.11,-0.00,-134.51
L245,67.12,-0.00,-135.70
L252,73.84,-0.00,-136.29
L259,80.26,-0.00,-136.34
L266,86.39,-0.00,-135.88
L273,92.20,-0.00,-134.93
L280,97.70,-0.00,-133.52
L287,102.88,-0.00,-131.67
L294,107.72,-0.00,-129.40
L301,112.23,-0.00,-126.72
L308,116.40,-0.00,-123.65
L315,120.21,-0.00,-120.21
L322,123.65,-0.00,-116.40
L329,126.72,-0.00,-112.23
L336,129.40,-0.00,-107.72
L343,131.67,-0.00,-102.88
L350,133.52,-0.00,-97.70
L357,134.93,-0.00,-92.20
a=100 e=0.70 i=90 Ω=0 ϖ=180
L0,170.00,0.00,0.00
L7,169.74,0.00,5.13
L14,168.96,0.00,10.24
L21,167.67,0.00,15.33
L28,165.85,0.00,20.36
L35,163.50,0.00,25.33
L42,160.61,0.00,30.22
L49,157.17,0.00,35.00
L56,153.17,0.00,39.65
L63,148.59,0.00,44.16
L70,143.41,0.00,48.49
L77,137.62,0.00,52.61
L84,131.18,0.00,56.49
L91,124.08,0.00,60.07
L98,116.26,0.00,63.31
L105,107.70,0.00,66.14
L112,98.34,0.00,68.49
L119,88.12,0.00,70.23
L126,76.99,0.00,71.24
L133,64.86,0.00,71.32
L140,51.65,0.00,70.20
L147,37.28,0.00,67.48
L154,21.70,0.00,62.53
L161,5.05,0.00,54.30
L168,-11.90,0.00,40.97
L175,-26.04,0.00,19.89
L182,-29.33,-0.00,-8.25
L189,-18.66,-0.00,-33.03
L196,-2.27,-0.00,-49.36
L203,14.68,-0.00,-59.49
L210,30.75,-0.00,-65.68
L217,45.64,-0.00,-69.26
L224,59.34,-0.00,-71.01
L231,71.92,-0.00,-71.40
L238,83.47,-0.00,-70.76
L245,94.07,-0.00,-69.31
L252,103.79,-0.00,-67.21
L259,112.69,-0.00,-64.58
L266,120.82,-0.00,-61.51
L273,128.22,-0.00,-58.06
L280,134.94,-0.00,-54.30
L287,141.01,-0.00,-50.28
L294,146.44,-0.00,-46.04
L301,151.28,-0.00,-41.61
L308,155.52,-0.00,-37.01
L315,159.20,-0.00,-32.28
L322,162.33,-0.00,-27.43
L329,164.91,-0.00,-22.50
L336,166.95,-0.00,-17.49
L343,168.47,-0.00,-12.43
L350,169.47,-0.00,-7.32
L357,169.95,-0.00,-2.20
a=100 e=0.70 i=90 Ω=0 ϖ=225
L0,135.40,0.00,89.75
L7,134.18,0.00,95.38
L14,132.52,0.00,100.70
L21,130.42,0.00,105.69
L28,127.92,0.00,110.34
L35,125.01,0.00,114.66
L42,121.73,0.00,118.62
L49,118.07,0.00,122.22
L56,114.06,0.00,125.45
L63,109.70,0.00,128.30
L70,104.99,0.00,130.75
L77,99.96,0.00,132.78
L84,94.60,0.00,134.38
L91,88.92,0.00,135.53
L98,82.93,0.00,136.21
L105,76.63,0.00,136.38
L112,70.04,0.00,136.02
L119,63.15,0.00,135.09
L126,55.98,0.00,133.56
L133,48.53,0.00,131.37
L140,40.82,0.00,128.46
L147,32.86,0.00,124.77
L154,24.68,0.00,120.21
L161,16.30,0.00,114.68
L168,7.76,0.00,108.04
L175,-0.87,0.00,100.13
L182,-9.48,0.00,90.72
L189,-17.89,0.00,79.52
L196,-25.78,0.00,66.12
L203,-32.55,0.00,49.93
L210,-36.90,0.00,30.23
L217,-35.89,0.00,6.57
L224,-24.03,-0.00,-18.16
L231,-0.71,-0.00,-33.87
L238,23.86,-0.00,-37.35
L245,44.70,-0.00,-34.12
L252,61.81,-0.00,-27.87
L259,75.94,-0.00,-20.21
L266,87.72,-0.00,-11.91
L273,97.60,-0.00,-3.34
L280,105.92,0.00,5.30
L287,112.90,0.00,13.87
L294,118.73,0.00,22.30
L301,123.56,0.00,30.55
L308,127.49,0.00,38.57
L315,130.61,0.00,46.36
L322,133.00,0.00,53.88
L329,134.72,0.00,61.13
L336,135.82,0.00,68.10
L343,136.33,0.00,74.78
L350,136.31,0.00,81.16
L357,135.77,0.00,87.24
a=100 e=0.70 i=90 Ω=0 ϖ=270
L0,59.58,0.00,125.13
L7,55.95,0.00,132.14
L14,52.04,0.00,138.49
L21,47.88,0.00,144.19
L28,43.53,0.00,149.28
L35,39.00,0.00,153.77
L42,34.32,0.00,157.69
L49,29.52,0.00,161.05
L56,24.62,0.00,163.87
L63,19.64,0.00,166.14
L70,14.60,0.00,167.89
L77,9.51,0.00,169.11
L84,4.40,0.00,169.81
L91,-0.73,0.00,169.99
L98,-5.86,0.00,169.66
L105,-10.97,0.00,168.81
L112,-16.05,0.00,167.44
L119,-21.07,0.00,165.55
L126,-26.03,0.00,163.12
L133,-30.91,0.00,160.15
L140,-35.67,0.00,156.63
L147,-40.31,0.00,152.55
L154,-44.79,0.00,147.88
L161,-49.09,0.00,142.62
L168,-53.18,0.00,136.74
L175,-57.02,0.00,130.21
L182,-60.56,0.00,123.00
L189,-63.74,0.00,115.09
L196,-66.51,0.00,106.41
L203,-68.77,0.00,96.93
L210,-70.42,0.00,86.59
L217,-71.31,0.00,75.32
L224,-71.24,0.00,63.04
L231,-69.92,0.00,49.67
L238,-66.93,0.00,35.12
L245,-61.59,0.00,19.38
L252,-52.76,0.00,2.61
L259,-38.50,-0.00,-14.23
L266,-16.15,-0.00,-27.41
L273,12.26,-0.00,-28.52
L280,35.85,-0.00,-16.48
L287,51.12,0.00,0.17
L294,60.58,0.00,17.04
L301,66.33,0.00,32.95
L308,69.61,0.00,47.66
L315,71.14,0.00,61.20
L322,71.37,0.00,73.63
L329,70.60,0.00,85.04
L336,69.05,0.00,95.51
L343,66.87,0.00,105.11
L350,64.17,0.00,113.89
L357,61.03,0.00,121.92
a=100 e=0.70 i=90 Ω=0 ϖ=315
L0,7.03,0.00,93.58
L7,-1.60,0.00,102.53
L14,-10.21,0.00,110.06
L21,-18.71,0.00,116.36
L28,-27.04,0.00,121.61
L35,-35.16,0.00,125.91
L42,-43.05,0.00,129.37
L49,-50.69,0.00,132.06
L56,-58.05,0.00,134.06
L63,-65.15,0.00,135.42
L70,-71.95,0.00,136.18
L77,-78.46,0.00,136.38
L84,-84.67,0.00,136.06
L91,-90.57,0.00,135.25
L98,-96.16,0.00,133.97
L105,-101.43,0.00,132.24
L112,-106.37,0.00,130.09
L119,-110.98,0.00,127.53
L126,-115.24,0.00,124.57
L133,-119.16,0.00,121.23
L140,-122.71,0.00,117.52
L147,-125.88,0.00,113.46
L154,-128.67,0.00,109.05
L161,-131.06,0.00,104.29
L168,-133.04,0.00,99.21
L175,-134.58,0.00,93.80
L182,-135.66,0.00,88.08
L189,-136.26,0.00,82.05
L196,-136.36,0.00,75.71
L203,-135.92,0.00,69.07
L210,-134.91,0.00,62.14
L217,-133.29,0.00,54.93
L224,-131.00,0.00,47.45
L231,-127.98,0.00,39.70
L238,-124.17,0.00,31.71
L245,-119.48,0.00,23.49
L252,-113.80,0.00,15.08
L259,-106.99,0.00,6.53
L266,-98.88,-0.00,-2.10
L273,-89.24,-0.00,-10.69
L280,-77.75,-0.00,-19.06
L287,-63.99,-0.00,-26.84
L294,-47.35,-0.00,-33.36
L301,-27.09,-0.00,-37.18
L308,-2.94,-0.00,-35.01
L315,21.21,-0.00,-21.21
L322,35.01,0.00,2.94
L329,37.18,0.00,27.09
L336,33.36,0.00,47.35
L343,26.84,0.00,63.99
L350,19.06,0.00,77.75
L357,10.69,0.00,89.24
a=100 e=0.70 i=90 Ω=0 ϖ=359
L0,29.90,0.00,3.63
L7,21.25,0.00,29.66
L14,5.54,0.00,47.38
L21,-11.27,0.00,58.53
L28,-27.38,0.00,65.47
L35,-42.37,0.00,69.63
L42,-56.20,0.00,71.84
L49,-68.93,0.00,72.63
L56,-80.63,0.00,72.33
L63,-91.38,0.00,71.17
L70,-101.26,0.00,69.33
L77,-110.31,0.00,66.92
L84,-118.60,0.00,64.05
L91,-126.17,0.00,60.78
L98,-133.04,0.00,57.19
L105,-139.27,0.00,53.31
L112,-144.87,0.00,49.19
L119,-149.86,0.00,44.87
L126,-154.27,0.00,40.37
L133,-158.11,0.00,35.73
L140,-161.40,0.00,30.95
L147,-164.14,0.00,26.08
L154,-166.35,0.00,21.12
L161,-168.03,0.00,16.09
L168,-169.19,0.00,11.01
L175,-169.84,0.00,5.90
L182,-169.96,0.00,0.77
L189,-169.57,-0.00,-4.37
L196,-168.66,-0.00,-9.48
L203,-167.23,-0.00,-14.57
L210,-165.27,-0.00,-19.62
L217,-162.78,-0.00,-24.60
L224,-159.74,-0.00,-29.50
L231,-156.14,-0.00,-34.29
L238,-151.98,-0.00,-38.96
L245,-147.22,-0.00,-43.48
L252,-141.86,-0.00,-47.82
L259,-135.87,-0.00,-51.94
L266,-129.22,-0.00,-55.81
L273,-121.87,-0.00,-59.39
L280,-113.80,-0.00,-62.60
L287,-104.95,-0.00,-65.39
L294,-95.26,-0.00,-67.66
L301,-84.69,-0.00,-69.30
L308,-73.15,-0.00,-70.13
L315,-60.57,-0.00,-69.96
L322,-46.84,-0.00,-68.45
L329,-31.89,-0.00,-65.14
L336,-15.71,-0.00,-59.22
L343,1.41,-0.00,-49.39
L350,18.08,-0.00,-33.35
L357,29.18,-0.00,-8.76
