# a=100
# e=0.70
# i=45
# Ω=0
# ϖ=0,10, ... 80, 90

a=100 e=0.70 i=45 Ω=0 ϖ=0
L0,30.00,0.00,0.00
L7,22.67,18.97,18.97
L14,7.14,32.14,32.14
L21,-9.89,40.36,40.36
L28,-26.27,45.41,45.41
L35,-41.51,48.40,48.40
L42,-55.54,49.97,49.97
L49,-68.43,50.49,50.49
L56,-80.27,50.23,50.23
L63,-91.13,49.36,49.36
L70,-101.10,47.99,47.99
L77,-110.22,46.23,46.23
L84,-118.57,44.14,44.14
L91,-126.18,41.78,41.78
L98,-133.09,39.18,39.18
L105,-139.34,36.39,36.39
L112,-144.95,33.43,33.43
L119,-149.95,30.33,30.33
L126,-154.37,27.11,27.11
L133,-158.21,23.79,23.79
L140,-161.49,20.39,20.39
L147,-164.22,16.91,16.91
L154,-166.42,13.38,13.38
L161,-168.09,9.81,9.81
L168,-169.24,6.21,6.21
L175,-169.87,2.59,2.59
L182,-169.98,-1.04,-1.04
L189,-169.57,-4.66,-4.66
L196,-168.65,-8.27,-8.27
L203,-167.20,-11.86,-11.86
L210,-165.23,-15.41,-15.41
L217,-162.73,-18.90,-18.90
L224,-159.68,-22.34,-22.34
L231,-156.08,-25.70,-25.70
L238,-151.92,-28.96,-28.96
L245,-147.17,-32.12,-32.12
L252,-141.82,-35.14,-35.14
L259,-135.85,-38.00,-38.00
L266,-129.22,-40.69,-40.69
L273,-121.92,-43.16,-43.16
L280,-113.89,-45.37,-45.37
L287,-105.11,-47.28,-47.28
L294,-95.51,-48.83,-48.83
L301,-85.04,-49.92,-49.92
L308,-73.63,-50.46,-50.46
L315,-61.20,-50.30,-50.30
L322,-47.66,-49.22,-49.22
L329,-32.95,-46.90,-46.90
L336,-17.04,-42.83,-42.83
L343,-0.17,-36.15,-36.15
L350,16.48,-25.35,-25.35
L357,28.52,-8.67,-8.67
a=100 e=0.70 i=45 Ω=0 ϖ=22
L0,10.09,-42.14,-42.14
L7,21.76,-30.69,-30.69
L14,30.28,-15.28,-15.28
L21,29.74,3.96,3.96
L28,15.05,21.01,21.01
L35,-6.22,30.44,30.44
L42,-26.85,34.25,34.25
L49,-45.21,34.96,34.96
L56,-61.35,33.88,33.88
L63,-75.54,31.70,31.70
L70,-88.06,28.82,28.82
L77,-99.14,25.45,25.45
L84,-108.96,21.76,21.76
L91,-117.65,17.84,17.84
L98,-125.33,13.77,13.77
L105,-132.10,9.60,9.60
L112,-138.02,5.36,5.36
L119,-143.16,1.10,1.10
L126,-147.57,-3.17,-3.17
L133,-151.30,-7.43,-7.43
L140,-154.38,-11.66,-11.66
L147,-156.84,-15.84,-15.84
L154,-158.71,-19.96,-19.96
L161,-160.02,-24.01,-24.01
L168,-160.78,-27.98,-27.98
L175,-161.02,-31.85,-31.85
L182,-160.73,-35.62,-35.62
L189,-159.95,-39.29,-39.29
L196,-158.68,-42.83,-42.83
L203,-156.92,-46.24,-46.24
L210,-154.68,-49.51,-49.51
L217,-151.97,-52.63,-52.63
L224,-148.80,-55.59,-55.59
L231,-145.16,-58.37,-58.37
L238,-141.05,-60.97,-60.97
L245,-136.48,-63.36,-63.36
L252,-131.44,-65.54,-65.54
L259,-125.92,-67.48,-67.48
L266,-119.93,-69.17,-69.17
L273,-113.46,-70.58,-70.58
L280,-106.50,-71.68,-71.68
L287,-99.03,-72.44,-72.44
L294,-91.06,-72.83,-72.83
L301,-82.56,-72.80,-72.80
L308,-73.53,-72.30,-72.30
L315,-63.94,-71.26,-71.26
L322,-53.80,-69.58,-69.58
L329,-43.08,-67.17,-67.17
L336,-31.81,-63.87,-63.87
L343,-19.99,-59.48,-59.48
L350,-7.73,-53.70,-53.70
L357,4.77,-46.11,-46.11
a=100 e=0.70 i=45 Ω=0 ϖ=45
L0,7.03,-66.17,-66.17
L7,15.52,-58.64,-58.64
L14,23.61,-49.64,-49.64
L21,30.79,-38.81,-38.81
L28,36.03,-25.64,-25.64
L35,37.01,-9.68,-9.68
L42,28.83,8.13,8.13
L49,7.96,21.78,21.78
L56,-17.16,26.36,26.36
L63,-39.16,25.08,25.08
L70,-57.25,21.10,21.10
L77,-72.16,15.90,15.90
L84,-84.56,10.13,10.13
L91,-94.95,4.10,4.10
L98,-103.69,-2.00,-2.00
L105,-111.03,-8.08,-8.08
L112,-117.17,-14.08,-14.08
L119,-122.28,-19.95,-19.95
L126,-126.45,-25.67,-25.67
L133,-129.80,-31.22,-31.22
L140,-132.39,-36.60,-36.60
L147,-134.29,-41.78,-41.78
L154,-135.56,-46.76,-46.76
L161,-136.24,-51.55,-51.55
L168,-136.37,-56.12,-56.12
L175,-135.98,-60.48,-60.48
L182,-135.10,-64.62,-64.62
L189,-133.75,-68.54,-68.54
L196,-131.96,-72.24,-72.24
L203,-129.75,-75.70,-75.70
L210,-127.13,-78.92,-78.92
L217,-124.11,-81.90,-81.90
L224,-120.72,-84.63,-84.63
L231,-116.96,-87.10,-87.10
L238,-112.85,-89.31,-89.31
L245,-108.39,-91.24,-91.24
L252,-103.59,-92.89,-92.89
L259,-98.46,-94.25,-94.25
L266,-93.01,-95.29,-95.29
L273,-87.24,-96.01,-96.01
L280,-81.16,-96.39,-96.39
L287,-74.78,-96.40,-96.40
L294,-68.10,-96.04,-96.04
L301,-61.13,-95.26,-95.26
L308,-53.88,-94.05,-94.05
L315,-46.36,-92.36,-92.36
L322,-38.57,-90.15,-90.15
L329,-30.55,-87.37,-87.37
L336,-22.30,-83.96,-83.96
L343,-13.87,-79.83,-79.83
L350,-5.30,-74.89,-74.89
L357,3.34,-69.02,-69.02
a=100 e=0.70 i=45 Ω=0 ϖ=68
L0,26.04,-82.36,-82.36
L7,31.54,-76.10,-76.10
L14,36.71,-69.04,-69.04
L21,41.38,-61.07,-61.07
L28,45.34,-52.06,-52.06
L35,48.24,-41.84,-41.84
L42,49.48,-30.22,-30.22
L49,48.00,-16.99,-16.99
L56,41.73,-2.22,-2.22
L63,26.90,12.60,12.60
L70,1.60,21.70,21.70
L77,-25.11,20.81,20.81
L84,-46.02,14.29,14.29
L91,-61.54,5.89,5.89
L98,-73.18,-2.94,-2.94
L105,-82.01,-11.69,-11.69
L112,-88.73,-20.14,-20.14
L119,-93.80,-28.23,-28.23
L126,-97.55,-35.92,-35.92
L133,-100.19,-43.20,-43.20
L140,-101.91,-50.09,-50.09
L147,-102.83,-56.59,-56.59
L154,-103.05,-62.71,-62.71
L161,-102.66,-68.45,-68.45
L168,-101.73,-73.83,-73.83
L175,-100.30,-78.86,-78.86
L182,-98.43,-83.53,-83.53
L189,-96.15,-87.86,-87.86
L196,-93.51,-91.86,-91.86
L203,-90.52,-95.52,-95.52
L210,-87.22,-98.85,-98.85
L217,-83.63,-101.85,-101.85
L224,-79.77,-104.51,-104.51
L231,-75.65,-106.85,-106.85
L238,-71.30,-108.86,-108.86
L245,-66.74,-110.54,-110.54
L252,-61.97,-111.88,-111.88
L259,-57.01,-112.88,-112.88
L266,-51.88,-113.53,-113.53
L273,-46.58,-113.83,-113.83
L280,-41.14,-113.77,-113.77
L287,-35.57,-113.34,-113.34
L294,-29.87,-112.53,-112.53
L301,-24.07,-111.32,-111.32
L308,-18.18,-109.70,-109.70
L315,-12.22,-107.65,-107.65
L322,-6.21,-105.15,-105.15
L329,-0.17,-102.17,-102.17
L336,5.87,-98.69,-98.69
L343,11.87,-94.66,-94.66
L350,17.80,-90.05,-90.05
L357,23.61,-84.81,-84.81
a=100 e=0.70 i=45 Ω=0 ϖ=90
L0,59.58,-88.48,-88.48
L7,62.87,-83.03,-83.03
L14,65.77,-77.05,-77.05
L21,68.19,-70.52,-70.52
L28,70.02,-63.38,-63.38
L35,71.15,-55.61,-55.61
L42,71.37,-47.13,-47.13
L49,70.45,-37.91,-37.91
L56,67.99,-27.86,-27.86
L63,63.41,-16.97,-16.97
L70,55.73,-5.29,-5.29
L77,43.29,6.74,6.74
L84,23.45,17.29,17.29
L91,-4.15,21.09,21.09
L98,-30.03,14.66,14.66
L105,-47.47,3.33,3.33
L112,-58.32,-8.69,-8.69
L119,-64.98,-20.17,-20.17
L126,-68.88,-30.82,-30.82
L133,-70.85,-40.62,-40.62
L140,-71.41,-49.63,-49.63
L147,-70.91,-57.90,-57.90
L154,-69.56,-65.49,-65.49
L161,-67.55,-72.44,-72.44
L168,-64.99,-78.82,-78.82
L175,-61.97,-84.64,-84.64
L182,-58.57,-89.95,-89.95
L189,-54.86,-94.77,-94.77
L196,-50.87,-99.12,-99.12
L203,-46.66,-103.03,-103.03
L210,-42.25,-106.51,-106.51
L217,-37.68,-109.57,-109.57
L224,-32.96,-112.22,-112.22
L231,-28.13,-114.49,-114.49
L238,-23.21,-116.37,-116.37
L245,-18.21,-117.87,-117.87
L252,-13.15,-119.00,-119.00
L259,-8.05,-119.76,-119.76
L266,-2.93,-120.15,-120.15
L273,2.20,-120.17,-120.17
L280,7.32,-119.83,-119.83
L287,12.43,-119.13,-119.13
L294,17.49,-118.05,-118.05
L301,22.50,-116.61,-116.61
L308,27.43,-114.78,-114.78
L315,32.28,-112.57,-112.57
L322,37.01,-109.97,-109.97
L329,41.61,-106.97,-106.97
L336,46.04,-103.55,-103.55
L343,50.28,-99.71,-99.71
L350,54.30,-95.42,-95.42
L357,58.06,-90.67,-90.67
a=100 e=0.70 i=45 Ω=0 ϖ=112
L0,99.01,-82.23,-82.23
L7,100.76,-77.46,-77.46
L14,102.05,-72.33,-72.33
L21,102.83,-66.85,-66.85
L28,103.05,-61.00,-61.00
L35,102.64,-54.77,-54.77
L42,101.51,-48.17,-48.17
L49,99.54,-41.16,-41.16
L56,96.60,-33.76,-33.76
L63,92.50,-25.96,-25.96
L70,86.99,-17.76,-17.76
L77,79.72,-9.21,-9.21
L84,70.18,-0.42,-0.42
L91,57.56,8.37,8.37
L98,40.67,16.45,16.45
L105,17.97,21.89,21.89
L112,-9.55,20.13,20.13
L119,-32.27,8.60,8.60
L126,-44.20,-6.56,-6.56
L133,-48.80,-20.94,-20.94
L140,-49.35,-33.69,-33.69
L147,-47.55,-44.89,-44.89
L154,-44.30,-54.75,-54.75
L161,-40.11,-63.45,-63.45
L168,-35.27,-71.15,-71.15
L175,-30.00,-77.97,-77.97
L182,-24.43,-84.01,-84.01
L189,-18.64,-89.34,-89.34
L196,-12.72,-94.04,-94.04
L203,-6.73,-98.14,-98.14
L210,-0.69,-101.70,-101.70
L217,5.35,-104.75,-104.75
L224,11.37,-107.32,-107.32
L231,17.34,-109.43,-109.43
L238,23.24,-111.12,-111.12
L245,29.05,-112.38,-112.38
L252,34.76,-113.25,-113.25
L259,40.35,-113.74,-113.74
L266,45.82,-113.85,-113.85
L273,51.13,-113.60,-113.60
L280,56.29,-112.99,-112.99
L287,61.27,-112.04,-112.04
L294,66.07,-110.75,-110.75
L301,70.66,-109.12,-109.12
L308,75.04,-107.16,-107.16
L315,79.19,-104.87,-104.87
L322,83.09,-102.25,-102.25
L329,86.72,-99.30,-99.30
L336,90.07,-96.01,-96.01
L343,93.10,-92.40,-92.40
L350,95.80,-88.46,-88.46
L357,98.13,-84.17,-84.17
a=100 e=0.70 i=45 Ω=0 ϖ=135
L0,135.40,-63.46,-63.46
L7,136.14,-59.26,-59.26
L14,136.39,-54.83,-54.83
L21,136.11,-50.20,-50.20
L28,135.26,-45.36,-45.36
L35,133.82,-40.32,-40.32
L42,131.72,-35.08,-35.08
L49,128.92,-29.66,-29.66
L56,125.35,-24.05,-24.05
L63,120.92,-18.29,-18.29
L70,115.53,-12.38,-12.38
L77,109.06,-6.35,-6.35
L84,101.34,-0.26,-0.26
L91,92.17,5.84,5.84
L98,81.24,11.81,11.81
L105,68.19,17.47,17.47
L112,52.44,22.41,22.41
L119,33.29,25.81,25.81
L126,10.16,25.85,25.85
L133,-14.91,18.79,18.79
L140,-32.48,3.08,3.08
L147,-37.39,-14.53,-14.53
L154,-34.83,-29.67,-29.67
L161,-28.87,-42.12,-42.12
L168,-21.36,-52.38,-52.38
L175,-13.12,-60.93,-60.93
L182,-4.57,-68.09,-68.09
L189,4.07,-74.11,-74.11
L196,12.65,-79.18,-79.18
L203,21.11,-83.41,-83.41
L210,29.38,-86.92,-86.92
L217,37.44,-89.79,-89.79
L224,45.26,-92.07,-92.07
L231,52.82,-93.84,-93.84
L238,60.11,-95.12,-95.12
L245,67.12,-95.95,-95.95
L252,73.84,-96.37,-96.37
L259,80.26,-96.41,-96.41
L266,86.39,-96.08,-96.08
L273,92.20,-95.41,-95.41
L280,97.70,-94.41,-94.41
L287,102.88,-93.10,-93.10
L294,107.72,-91.50,-91.50
L301,112.23,-89.60,-89.60
L308,116.40,-87.44,-87.44
L315,120.21,-85.00,-85.00
L322,123.65,-82.31,-82.31
L329,126.72,-79.36,-79.36
L336,129.40,-76.17,-76.17
L343,131.67,-72.74,-72.74
L350,133.52,-69.08,-69.08
L357,134.93,-65.20,-65.20
a=100 e=0.70 i=45 Ω=0 ϖ=180
L0,170.00,0.00,0.00
L7,169.74,3.63,3.63
L14,168.96,7.24,7.24
L21,167.67,10.84,10.84
L28,165.85,14.40,14.40
L35,163.50,17.91,17.91
L42,160.61,21.37,21.37
L49,157.17,24.75,24.75
L56,153.17,28.04,28.04
L63,148.59,31.23,31.23
L70,143.41,34.29,34.29
L77,137.62,37.20,37.20
L84,131.18,39.94,39.94
L91,124.08,42.48,42.48
L98,116.26,44.77,44.77
L105,107.70,46.77,46.77
L112,98.34,48.43,48.43
L119,88.12,49.66,49.66
L126,76.99,50.37,50.37
L133,64.86,50.43,50.43
L140,51.65,49.64,49.64
L147,37.28,47.72,47.72
L154,21.70,44.22,44.22
L161,5.05,38.40,38.40
L168,-11.90,28.97,28.97
L175,-26.04,14.06,14.06
L182,-29.33,-5.83,-5.83
L189,-18.66,-23.36,-23.36
L196,-2.27,-34.90,-34.90
L203,14.68,-42.07,-42.07
L210,30.75,-46.44,-46.44
L217,45.64,-48.98,-48.98
L224,59.34,-50.21,-50.21
L231,71.92,-50.49,-50.49
L238,83.47,-50.04,-50.04
L245,94.07,-49.01,-49.01
L252,103.79,-47.53,-47.53
L259,112.69,-45.67,-45.67
L266,120.82,-43.49,-43.49
L273,128.22,-41.06,-41.06
L280,134.94,-38.40,-38.40
L287,141.01,-35.56,-35.56
L294,146.44,-32.56,-32.56
L301,151.28,-29.42,-29.42
L308,155.52,-26.17,-26.17
L315,159.20,-22.82,-22.82
L322,162.33,-19.40,-19.40
L329,164.91,-15.91,-15.91
L336,166.95,-12.37,-12.37
L343,168.47,-8.79,-8.79
L350,169.47,-5.18,-5.18
L357,169.95,-1.56,-1.56
a=100 e=0.70 i=45 Ω=0 ϖ=270
L0,59.58,88.48,88.48
L7,55.95,93.44,93.44
L14,52.04,97.92,97.92
L21,47.88,101.96,101.96
L28,43.53,105.55,105.55
L35,39.00,108.73,108.73
L42,34.32,111.51,111.51
L49,29.52,113.88,113.88
L56,24.62,115.87,115.87
L63,19.64,117.48,117.48
L70,14.60,118.71,118.71
L77,9.51,119.58,119.58
L84,4.40,120.07,120.07
L91,-0.73,120.20,120.20
L98,-5.86,119.97,119.97
L105,-10.97,119.37,119.37
L112,-16.05,118.40,118.40
L119,-21.07,117.06,117.06
L126,-26.03,115.34,115.34
L133,-30.91,113.24,113.24
L140,-35.67,110.75,110.75
L147,-40.31,107.87,107.87
L154,-44.79,104.57,104.57
L161,-49.09,100.85,100.85
L168,-53.18,96.69,96.69
L175,-57.02,92.07,92.07
L182,-60.56,86.98,86.98
L189,-63.74,81.38,81.38
L196,-66.51,75.24,75.24
L203,-68.77,68.54,68.54
L210,-70.42,61.23,61.23
L217,-71.31,53.26,53.26
L224,-71.24,44.58,44.58
L231,-69.92,35.12,35.12
L238,-66.93,24.84,24.84
L245,-61.59,13.70,13.70
L252,-52.76,1.85,1.85
L259,-38.50,-10.06,-10.06
L266,-16.15,-19.38,-19.38
L273,12.26,-20.16,-20.16
L280,35.85,-11.66,-11.66
L287,51.12,0.12,0.12
L294,60.58,12.05,12.05
L301,66.33,23.30,23.30
L308,69.61,33.70,33.70
L315,71.14,43.27,43.27
L322,71.37,52.06,52.06
L329,70.60,60.13,60.13
L336,69.05,67.54,67.54
L343,66.87,74.32,74.32
L350,64.17,80.54,80.54
L357,61.03,86.21,86.21
a=100 e=0.70 i=45 Ω=0 ϖ=359
L0,29.90,2.56,2.56
L7,21.25,20.97,20.97
L14,5.54,33.50,33.50
L21,-11.27,41.39,41.39
L28,-27.38,46.29,46.29
L35,-42.37,49.23,49.23
L42,-56.20,50.80,50.80
L49,-68.93,51.36,51.36
L56,-80.63,51.14,51.14
L63,-91.38,50.32,50.32
L70,-101.26,49.02,49.02
L77,-110.31,47.32,47.32
L84,-118.60,45.29,45.29
L91,-126.17,42.98,42.98
L98,-133.04,40.44,40.44
L105,-139.27,37.70,37.70
L112,-144.87,34.79,34.79
L119,-149.86,31.73,31.73
L126,-154.27,28.55,28.55
L133,-158.11,25.26,25.26
L140,-161.40,21.89,21.89
L147,-164.14,18.44,18.44
L154,-166.35,14.93,14.93
L161,-168.03,11.38,11.38
L168,-169.19,7.78,7.78
L175,-169.84,4.17,4.17
L182,-169.96,0.54,0.54
L189,-169.57,-3.09,-3.09
L196,-168.66,-6.71,-6.71
L203,-167.23,-10.31,-10.31
L210,-165.27,-13.87,-13.87
L217,-162.78,-17.39,-17.39
L224,-159.74,-20.86,-20.86
L231,-156.14,-24.25,-24.25
L238,-151.98,-27.55,-27.55
L245,-147.22,-30.74,-30.74
L252,-141.86,-33.81,-33.81
L259,-135.87,-36.73,-36.73
L266,-129.22,-39.47,-39.47
L273,-121.87,-41.99,-41.99
L280,-113.80,-44.27,-44.27
L287,-104.95,-46.24,-46.24
L294,-95.26,-47.84,-47.84
L301,-84.69,-49.00,-49.00
L308,-73.15,-49.59,-49.59
L315,-60.57,-49.47,-49.47
L322,-46.84,-48.40,-48.40
L329,-31.89,-46.06,-46.06
L336,-15.71,-41.88,-41.88
L343,1.41,-34.92,-34.92
L350,18.08,-23.58,-23.58
L357,29.18,-6.19,-6.19
