---
a=100 e=0.90 i=45 Ω=0 ϖ=0
L0,10.00,0.00,0.00
L7,9.05,4.24,4.24
L14,6.71,7.84,7.84
L21,3.07,11.28,11.28
L28,-1.81,14.53,14.53
L35,-7.88,17.59,17.59
L42,-15.07,20.41,20.41
L49,-23.35,22.98,22.98
L56,-32.80,25.28,25.28
L63,-45.64,27.62,27.62
L70,-57.25,29.12,29.12
L77,-68.66,30.11,30.11
L84,-80.21,30.67,30.67
L91,-91.83,30.82,30.82
L98,-103.42,30.54,30.54
L105,-114.87,29.85,29.85
L112,-126.10,28.74,28.74
L119,-137.18,27.18,27.18
L126,-149.94,24.67,24.67
L133,-159.28,22.23,22.23
L140,-167.29,19.56,19.56
L147,-174.16,16.65,16.65
L154,-179.86,13.53,13.53
L161,-184.34,10.22,10.22
L168,-187.57,6.76,6.76
L175,-189.47,3.16,3.16
L182,-189.97,-0.69,-0.69
L189,-188.51,-5.29,-5.29
L196,-185.73,-8.91,-8.91
L203,-181.67,-12.31,-12.31
L210,-176.40,-15.52,-15.52
L217,-169.98,-18.50,-18.50
L224,-162.46,-21.24,-21.24
L231,-153.91,-23.71,-23.71
L238,-144.31,-25.88,-25.88
L245,-132.77,-27.86,-27.86
L252,-119.40,-29.46,-29.46
L259,-107.78,-30.33,-30.33
L266,-96.14,-30.76,-30.76
L273,-84.50,-30.78,-30.78
L280,-72.96,-30.37,-30.37
L287,-61.62,-29.55,-29.55
L294,-50.58,-28.33,-28.33
L301,-39.84,-26.66,-26.66
L308,-27.63,-24.09,-24.09
L315,-18.20,-21.45,-21.45
L322,-10.46,-18.68,-18.68
L329,-3.92,-15.69,-15.69
L336,1.41,-12.50,-12.50
L343,5.49,-9.15,-9.15
L350,8.30,-5.66,-5.66
L357,9.78,-2.06,-2.06
a=100 e=0.90 i=45 Ω=10 ϖ=0
L0,9.91,0.50,-1.23
L7,9.27,4.74,3.06
L14,7.20,8.28,6.90
L21,3.84,11.57,10.73
L28,-0.77,14.62,14.53
L35,-6.56,17.41,18.29
L42,-13.49,19.91,21.95
L49,-21.52,22.10,25.50
L56,-30.72,23.95,28.92
L63,-43.28,25.68,32.81
L70,-54.68,26.62,35.71
L77,-65.93,27.05,38.09
L84,-77.33,27.04,40.06
L91,-88.84,26.60,41.62
L98,-100.34,25.74,42.78
L105,-111.74,24.47,43.50
L112,-122.95,22.79,43.79
L119,-134.04,20.64,43.61
L126,-146.87,17.47,42.71
L133,-156.30,14.53,41.45
L140,-164.43,11.42,39.80
L147,-171.44,8.13,37.78
L154,-177.31,4.69,35.40
L161,-181.99,1.11,32.70
L168,-185.43,-2.55,29.69
L175,-187.58,-6.30,26.37
L182,-188.34,-10.21,22.65
L189,-187.22,-14.80,17.94
L196,-184.72,-18.33,14.03
L203,-180.94,-21.57,10.18
L210,-175.94,-24.55,6.38
L217,-169.79,-27.25,2.65
L224,-162.53,-29.64,-0.97
L231,-154.23,-31.71,-4.45
L238,-144.87,-33.43,-7.77
L245,-133.57,-34.86,-11.13
L252,-120.44,-35.81,-14.35
L259,-108.98,-36.11,-16.64
L266,-97.47,-35.96,-18.49
L273,-85.94,-35.39,-19.93
L280,-74.46,-34.40,-20.95
L287,-63.17,-33.01,-21.54
L294,-52.13,-31.21,-21.69
L301,-41.38,-28.99,-21.37
L308,-29.09,-25.78,-20.33
L315,-19.56,-22.63,-18.89
L322,-11.69,-19.44,-17.11
L329,-5.00,-16.08,-14.97
L336,0.51,-12.59,-12.48
L343,4.80,-8.99,-9.68
L350,7.83,-5.31,-6.59
L357,9.54,-1.59,-3.23
a=100 e=0.90 i=45 Ω=40 ϖ=0
L0,8.79,1.44,-4.55
L7,8.82,6.27,-0.87
L14,7.50,10.15,2.96
L21,5.00,13.65,7.24
L28,1.37,16.76,11.96
L35,-3.34,19.46,17.05
L42,-9.08,21.73,22.49
L49,-15.84,23.54,28.22
L56,-23.67,24.88,34.27
L63,-34.48,25.77,41.91
L70,-44.38,25.85,48.33
L77,-54.21,25.36,54.28
L84,-64.25,24.36,59.96
L91,-74.43,22.85,65.35
L98,-84.68,20.85,70.40
L105,-94.88,18.40,75.08
L112,-104.97,15.48,79.33
L119,-115.04,12.04,83.17
L126,-126.76,7.27,87.05
L133,-135.47,3.06,89.42
L140,-143.06,-1.22,91.02
L147,-149.69,-5.62,91.91
L154,-155.33,-10.10,92.11
L161,-159.95,-14.62,91.62
L168,-163.49,-19.14,90.43
L175,-165.90,-23.63,88.54
L182,-167.12,-28.20,85.82
L189,-166.78,-33.38,81.63
L196,-165.07,-37.22,77.59
L203,-162.20,-40.62,73.14
L210,-158.22,-43.61,68.29
L217,-153.18,-46.18,63.08
L224,-147.13,-48.31,57.57
L231,-140.12,-49.96,51.80
L238,-132.13,-51.12,45.77
L245,-122.39,-51.78,39.01
L252,-110.96,-51.72,31.70
L259,-100.93,-51.07,25.76
L266,-90.78,-49.89,20.13
L273,-80.55,-48.23,14.83
L280,-70.32,-46.09,9.90
L287,-60.19,-43.50,5.37
L294,-50.23,-40.47,1.29
L301,-40.46,-36.97,-2.32
L308,-29.20,-32.20,-5.90
L315,-20.37,-27.75,-8.16
L322,-13.00,-23.38,-9.56
L329,-6.65,-18.94,-10.23
L336,-1.31,-14.44,-10.22
L343,2.96,-9.92,-9.50
L350,6.14,-5.43,-8.11
L357,8.17,-1.00,-6.02
a=100 e=0.90 i=45 Ω=85 ϖ=0
L0,7.09,0.25,-7.04
L7,6.57,6.21,-6.01
L14,5.04,11.24,-4.04
L21,2.58,15.99,-1.18
L28,-0.76,20.46,2.54
L35,-4.95,24.62,7.08
L42,-9.96,28.42,12.39
L49,-15.74,31.83,18.45
L56,-22.35,34.84,25.31
L63,-31.38,37.82,34.56
L70,-39.56,39.64,42.87
L77,-47.62,40.74,50.99
L84,-55.79,41.24,59.18
L91,-64.03,41.15,67.37
L98,-72.26,40.47,75.51
L105,-80.41,39.20,83.52
L112,-88.41,37.35,91.33
L119,-96.33,34.86,99.00
L126,-105.47,31.00,107.77
L133,-112.18,27.31,114.13
L140,-117.96,23.34,119.55
L147,-122.94,19.06,124.13
L154,-127.09,14.51,127.87
L161,-130.39,9.73,130.74
L168,-132.80,4.77,132.71
L175,-134.29,-0.37,133.74
L182,-134.78,-5.80,133.76
L189,-133.91,-12.26,132.33
L196,-132.06,-17.30,130.05
L203,-129.31,-22.00,126.90
L210,-125.68,-26.38,122.91
L217,-121.24,-30.43,118.12
L224,-116.00,-34.10,112.59
L231,-110.03,-37.36,106.35
L238,-103.30,-40.19,99.40
L245,-95.18,-42.69,91.10
L252,-85.76,-44.61,81.54
L259,-77.55,-45.54,73.28
L266,-69.30,-45.85,65.04
L273,-61.05,-45.57,56.84
L280,-52.84,-44.71,48.75
L287,-44.77,-43.27,40.83
L294,-36.89,-41.26,33.16
L301,-29.22,-38.64,25.74
L308,-20.46,-34.70,17.36
L315,-13.68,-30.74,10.95
L322,-8.09,-26.62,5.74
L329,-3.35,-22.24,1.40
L336,0.55,-17.60,-2.08
L343,3.57,-12.77,-4.67
L350,5.68,-7.78,-6.34
L357,6.86,-2.66,-7.07
