# a=100
# e=0.70
# i=90
# Ω=0,10, ... 80, 90
# ϖ=0

a=100 e=0.70 i=90 Ω=0 ϖ=0
L0,30.00,0.00,0.00
L7,22.67,0.00,26.83
L14,7.14,0.00,45.45
L21,-9.89,0.00,57.07
L28,-26.27,0.00,64.22
L35,-41.51,0.00,68.45
L42,-55.54,0.00,70.66
L49,-68.43,0.00,71.41
L56,-80.27,0.00,71.04
L63,-91.13,0.00,69.80
L70,-101.10,0.00,67.87
L77,-110.22,0.00,65.38
L84,-118.57,0.00,62.42
L91,-126.18,0.00,59.08
L98,-133.09,0.00,55.41
L105,-139.34,0.00,51.46
L112,-144.95,0.00,47.27
L119,-149.95,0.00,42.89
L126,-154.37,0.00,38.34
L133,-158.21,0.00,33.64
L140,-161.49,0.00,28.83
L147,-164.22,0.00,23.92
L154,-166.42,0.00,18.93
L161,-168.09,0.00,13.88
L168,-169.24,0.00,8.79
L175,-169.87,0.00,3.66
L182,-169.98,-0.00,-1.47
L189,-169.57,-0.00,-6.59
L196,-168.65,-0.00,-11.70
L203,-167.20,-0.00,-16.77
L210,-165.23,-0.00,-21.79
L217,-162.73,-0.00,-26.74
L224,-159.68,-0.00,-31.59
L231,-156.08,-0.00,-36.34
L238,-151.92,-0.00,-40.96
L245,-147.17,-0.00,-45.42
L252,-141.82,-0.00,-49.69
L259,-135.85,-0.00,-53.75
L266,-129.22,-0.00,-57.54
L273,-121.92,-0.00,-61.03
L280,-113.89,-0.00,-64.17
L287,-105.11,-0.00,-66.87
L294,-95.51,-0.00,-69.05
L301,-85.04,-0.00,-70.60
L308,-73.63,-0.00,-71.37
L315,-61.20,-0.00,-71.14
L322,-47.66,-0.00,-69.61
L329,-32.95,-0.00,-66.33
L336,-17.04,-0.00,-60.58
L343,-0.17,-0.00,-51.12
L350,16.48,-0.00,-35.85
L357,28.52,-0.00,-12.26
a=100 e=0.70 i=90 Ω=20 ϖ=0
L0,26.49,9.64,-10.26
L7,28.64,10.43,17.46
L14,20.91,7.61,40.27
L21,9.61,3.50,57.02
L28,-2.56,-0.93,69.34
L35,-14.65,-5.33,78.52
L42,-26.33,-9.58,85.40
L49,-37.48,-13.64,90.50
L56,-48.05,-17.49,94.21
L63,-58.04,-21.12,96.76
L70,-67.46,-24.55,98.36
L77,-76.32,-27.78,99.14
L84,-84.64,-30.81,99.21
L91,-92.43,-33.64,98.67
L98,-99.71,-36.29,97.59
L105,-106.50,-38.76,96.01
L112,-112.80,-41.06,94.00
L119,-118.63,-43.18,91.59
L126,-123.99,-45.13,88.82
L133,-128.89,-46.91,85.72
L140,-133.33,-48.53,82.32
L147,-137.33,-49.98,78.64
L154,-140.87,-51.27,74.71
L161,-143.97,-52.40,70.53
L168,-146.62,-53.36,66.14
L175,-148.82,-54.17,61.54
L182,-150.57,-54.80,56.76
L189,-151.85,-55.27,51.80
L196,-152.68,-55.57,46.69
L203,-153.03,-55.70,41.43
L210,-152.91,-55.65,36.04
L217,-152.28,-55.43,30.53
L224,-151.16,-55.02,24.93
L231,-149.50,-54.42,19.23
L238,-147.31,-53.62,13.47
L245,-144.55,-52.61,7.66
L252,-141.20,-51.39,1.81
L259,-137.23,-49.95,-4.04
L266,-132.60,-48.26,-9.87
L273,-127.27,-46.32,-15.66
L280,-121.19,-44.11,-21.34
L287,-114.30,-41.60,-26.89
L294,-106.53,-38.77,-32.22
L301,-97.78,-35.59,-37.26
L308,-87.95,-32.01,-41.88
L315,-76.90,-27.99,-45.92
L322,-64.46,-23.46,-49.11
L329,-50.41,-18.35,-51.06
L336,-34.51,-12.56,-51.10
L343,-16.58,-6.03,-47.98
L350,3.03,1.10,-39.33
L357,21.24,7.73,-21.27
a=100 e=0.70 i=90 Ω=40 ϖ=0
L0,17.60,14.77,-19.28
L7,26.52,22.25,5.98
L14,26.57,22.29,30.23
L21,22.30,18.71,50.08
L28,16.21,13.60,66.09
L35,9.35,7.85,79.12
L42,2.20,1.85,89.83
L49,-5.00,-4.19,98.69
L56,-12.13,-10.17,106.01
L63,-19.11,-16.03,112.05
L70,-25.91,-21.74,116.98
L77,-32.49,-27.26,120.94
L84,-38.84,-32.59,124.04
L91,-44.95,-37.72,126.36
L98,-50.82,-42.64,127.99
L105,-56.43,-47.35,128.98
L112,-61.78,-51.84,129.39
L119,-66.88,-56.12,129.25
L126,-71.71,-60.17,128.59
L133,-76.27,-64.00,127.47
L140,-80.57,-67.61,125.89
L147,-84.59,-70.98,123.88
L154,-88.34,-74.13,121.47
L161,-91.81,-77.04,118.68
L168,-94.99,-79.70,115.51
L175,-97.88,-82.13,112.00
L182,-100.47,-84.30,108.14
L189,-102.76,-86.22,103.95
L196,-104.73,-87.88,99.44
L203,-106.38,-89.26,94.63
L210,-107.69,-90.36,89.52
L217,-108.66,-91.17,84.12
L224,-109.26,-91.68,78.44
L231,-109.49,-91.87,72.49
L238,-109.32,-91.73,66.27
L245,-108.73,-91.23,59.81
L252,-107.69,-90.36,53.09
L259,-106.18,-89.10,46.15
L266,-104.17,-87.41,38.98
L273,-101.60,-85.25,31.61
L280,-98.43,-82.59,24.06
L287,-94.61,-79.38,16.34
L294,-90.05,-75.56,8.50
L301,-84.67,-71.05,0.58
L308,-78.35,-65.74,-7.34
L315,-70.94,-59.53,-15.16
L322,-62.25,-52.23,-22.69
L329,-52.00,-43.63,-29.63
L336,-39.83,-33.42,-35.45
L343,-25.27,-21.20,-39.05
L350,-7.98,-6.70,-38.06
L357,10.70,8.98,-27.72
a=100 e=0.70 i=90 Ω=60 ϖ=0
L0,7.50,12.99,-25.98
L7,17.29,29.94,-6.22
L14,21.46,37.18,16.54
L21,22.24,38.52,37.10
L28,21.24,36.79,54.86
L35,19.26,33.37,70.17
L42,16.71,28.95,83.43
L49,13.81,23.92,94.97
L56,10.69,18.52,105.03
L63,7.44,12.89,113.82
L70,4.12,7.13,121.49
L77,0.75,1.31,128.15
L84,-2.61,-4.52,133.90
L91,-5.96,-10.33,138.81
L98,-9.28,-16.07,142.96
L105,-12.55,-21.74,146.40
L112,-15.77,-27.31,149.17
L119,-18.92,-32.76,151.31
L126,-21.99,-38.09,152.86
L133,-24.98,-43.27,153.83
L140,-27.89,-48.30,154.27
L147,-30.70,-53.17,154.18
L154,-33.41,-57.87,153.59
L161,-36.01,-62.38,152.51
L168,-38.51,-66.69,150.96
L175,-40.88,-70.81,148.94
L182,-43.13,-74.70,146.47
L189,-45.25,-78.37,143.56
L196,-47.23,-81.80,140.20
L203,-49.06,-84.98,136.42
L210,-50.74,-87.89,132.20
L217,-52.26,-90.51,127.56
L224,-53.60,-92.84,122.49
L231,-54.76,-94.84,117.00
L238,-55.71,-96.50,111.08
L245,-56.46,-97.79,104.74
L252,-56.97,-98.68,97.97
L259,-57.23,-99.13,90.77
L266,-57.22,-99.11,83.14
L273,-56.91,-98.57,75.07
L280,-56.26,-97.44,66.55
L287,-55.23,-95.66,57.59
L294,-53.78,-93.15,48.19
L301,-51.83,-89.77,38.35
L308,-49.31,-85.41,28.08
L315,-46.10,-79.85,17.43
L322,-42.06,-72.85,6.47
L329,-36.96,-64.02,-4.63
L336,-30.49,-52.81,-15.53
L343,-22.18,-38.41,-25.41
L350,-11.40,-19.75,-32.20
L357,1.82,3.15,-30.83
a=100 e=0.70 i=90 Ω=80 ϖ=0
L0,0.90,5.13,-29.54
L7,5.27,29.90,-17.67
L14,7.99,45.30,0.87
L21,9.46,53.66,19.65
L28,10.19,57.79,37.02
L35,10.45,59.29,52.76
L42,10.41,59.03,66.97
L49,10.15,57.55,79.79
L56,9.73,55.17,91.39
L63,9.19,52.11,101.87
L70,8.56,48.54,111.35
L77,7.86,44.56,119.90
L84,7.10,40.27,127.61
L91,6.30,35.72,134.52
L98,5.46,30.98,140.69
L105,4.60,26.08,146.16
L112,3.71,21.06,150.96
L119,2.81,15.95,155.12
L126,1.90,10.78,158.68
L133,0.98,5.57,161.65
L140,0.06,0.34,164.04
L147,-0.86,-4.89,165.88
L154,-1.78,-10.10,167.18
L161,-2.70,-15.29,167.95
L168,-3.60,-20.42,168.19
L175,-4.50,-25.49,167.92
L182,-5.38,-30.49,167.14
L189,-6.24,-35.39,165.85
L196,-7.09,-40.19,164.05
L203,-7.91,-44.86,161.75
L210,-8.71,-49.39,158.94
L217,-9.48,-53.76,155.61
L224,-10.22,-57.95,151.77
L231,-10.92,-61.94,147.40
L238,-11.59,-65.70,142.50
L245,-12.20,-69.22,137.05
L252,-12.77,-72.45,131.04
L259,-13.29,-75.36,124.45
L266,-13.74,-77.91,117.27
L273,-14.11,-80.04,109.47
L280,-14.41,-81.71,101.02
L287,-14.60,-82.83,91.90
L294,-14.69,-83.30,82.07
L301,-14.64,-83.02,71.49
L308,-14.42,-81.81,60.12
L315,-14.01,-79.46,47.92
L322,-13.34,-75.66,34.85
L329,-12.34,-69.97,20.93
L336,-10.87,-61.66,6.26
L343,-8.75,-49.61,-8.71
L350,-5.63,-31.95,-22.46
L357,-1.24,-7.01,-30.21
a=100 e=0.70 i=90 Ω=100 ϖ=0
L0,0.90,-5.13,-29.54
L7,-3.90,22.15,-26.99
L14,-7.56,42.86,-14.92
L21,-10.06,57.04,-0.17
L28,-11.78,66.78,14.72
L35,-12.96,73.49,28.99
L42,-13.76,78.03,42.42
L49,-14.27,80.95,54.99
L56,-14.57,82.62,66.72
L63,-14.68,83.28,77.63
L70,-14.66,83.11,87.78
L77,-14.50,82.26,97.20
L84,-14.25,80.82,105.93
L91,-13.91,78.88,114.00
L98,-13.49,76.50,121.45
L105,-13.00,73.73,128.29
L112,-12.46,70.64,134.54
L119,-11.86,67.24,140.23
L126,-11.21,63.58,145.36
L133,-10.52,59.68,149.96
L140,-9.80,55.58,154.03
L147,-9.04,51.28,157.58
L154,-8.26,46.82,160.61
L161,-7.44,42.21,163.13
L168,-6.61,37.46,165.14
L175,-5.75,32.60,166.65
L182,-4.87,27.65,167.65
L189,-3.99,22.60,168.14
L196,-3.08,17.49,168.12
L203,-2.17,12.33,167.57
L210,-1.26,7.13,166.50
L217,-0.33,1.90,164.90
L224,0.59,-3.33,162.74
L231,1.51,-8.55,160.02
L238,2.42,-13.74,156.72
L245,3.33,-18.88,152.82
L252,4.22,-23.94,148.29
L259,5.09,-28.89,143.12
L266,5.94,-33.71,137.25
L273,6.76,-38.34,130.66
L280,7.54,-42.75,123.31
L287,8.27,-46.88,115.12
L294,8.93,-50.64,106.05
L301,9.51,-53.93,96.01
L308,9.98,-56.62,84.90
L315,10.32,-58.53,72.62
L322,10.47,-59.36,59.03
L329,10.35,-58.70,43.97
L336,9.85,-55.84,27.30
L343,8.74,-49.55,9.04
L350,6.63,-37.59,-10.01
L357,2.96,-16.77,-25.95
