# a=100
# e=0.70
# i=90
# Ω=0,10, ... 80, 90
# ϖ=0

a=100 e=0.70 i=90 Ω=0 ϖ=0
L0,30.00,0.00,0.00
L7,22.67,0.00,26.83
L14,7.14,0.00,45.45
L21,-9.89,0.00,57.07
L28,-26.27,0.00,64.22
L35,-41.51,0.00,68.45
L42,-55.54,0.00,70.66
L49,-68.43,0.00,71.41
L56,-80.27,0.00,71.04
L63,-91.13,0.00,69.80
L70,-101.10,0.00,67.87
L77,-110.22,0.00,65.38
L84,-118.57,0.00,62.42
L91,-126.18,0.00,59.08
L98,-133.09,0.00,55.41
L105,-139.34,0.00,51.46
L112,-144.95,0.00,47.27
L119,-149.95,0.00,42.89
L126,-154.37,0.00,38.34
L133,-158.21,0.00,33.64
L140,-161.49,0.00,28.83
L147,-164.22,0.00,23.92
L154,-166.42,0.00,18.93
L161,-168.09,0.00,13.88
L168,-169.24,0.00,8.79
L175,-169.87,0.00,3.66
L182,-169.98,-0.00,-1.47
L189,-169.57,-0.00,-6.59
L196,-168.65,-0.00,-11.70
L203,-167.20,-0.00,-16.77
L210,-165.23,-0.00,-21.79
L217,-162.73,-0.00,-26.74
L224,-159.68,-0.00,-31.59
L231,-156.08,-0.00,-36.34
L238,-151.92,-0.00,-40.96
L245,-147.17,-0.00,-45.42
L252,-141.82,-0.00,-49.69
L259,-135.85,-0.00,-53.75
L266,-129.22,-0.00,-57.54
L273,-121.92,-0.00,-61.03
L280,-113.89,-0.00,-64.17
L287,-105.11,-0.00,-66.87
L294,-95.51,-0.00,-69.05
L301,-85.04,-0.00,-70.60
L308,-73.63,-0.00,-71.37
L315,-61.20,-0.00,-71.14
L322,-47.66,-0.00,-69.61
L329,-32.95,-0.00,-66.33
L336,-17.04,-0.00,-60.58
L343,-0.17,-0.00,-51.12
L350,16.48,-0.00,-35.85
L357,28.52,-0.00,-12.26
a=100 e=0.70 i=90 Ω=10 ϖ=0
L0,29.10,5.13,-5.21
L7,26.58,4.69,22.49
L14,14.69,2.59,43.52
L21,0.17,0.03,57.92
L28,-14.50,-2.56,67.81
L35,-28.55,-5.03,74.62
L42,-41.78,-7.37,79.23
L49,-54.16,-9.55,82.20
L56,-65.70,-11.58,83.90
L63,-76.45,-13.48,84.57
L70,-86.44,-15.24,84.40
L77,-95.72,-16.88,83.53
L84,-104.32,-18.39,82.07
L91,-112.27,-19.80,80.09
L98,-119.60,-21.09,77.68
L105,-126.34,-22.28,74.87
L112,-132.50,-23.36,71.73
L119,-138.10,-24.35,68.28
L126,-143.16,-25.24,64.56
L133,-147.68,-26.04,60.60
L140,-151.69,-26.75,56.43
L147,-155.18,-27.36,52.07
L154,-158.17,-27.89,47.54
L161,-160.65,-28.33,42.86
L168,-162.63,-28.68,38.04
L175,-164.12,-28.94,33.11
L182,-165.10,-29.11,28.07
L189,-165.59,-29.20,22.95
L196,-165.56,-29.19,17.76
L203,-165.03,-29.10,12.52
L210,-163.97,-28.91,7.24
L217,-162.39,-28.63,1.93
L224,-160.27,-28.26,-3.38
L231,-157.59,-27.79,-8.69
L238,-154.34,-27.21,-13.96
L245,-150.50,-26.54,-19.17
L252,-146.04,-25.75,-24.31
L259,-140.94,-24.85,-29.34
L266,-135.17,-23.83,-34.23
L273,-128.68,-22.69,-38.94
L280,-121.43,-21.41,-43.41
L287,-113.37,-19.99,-47.60
L294,-104.44,-18.42,-51.42
L301,-94.55,-16.67,-54.76
L308,-83.61,-14.74,-57.50
L315,-71.52,-12.61,-59.43
L322,-58.13,-10.25,-60.28
L329,-43.30,-7.63,-59.60
L336,-26.88,-4.74,-56.70
L343,-8.91,-1.57,-50.31
L350,9.86,1.74,-38.17
L357,25.56,4.51,-17.03
a=100 e=0.70 i=90 Ω=20 ϖ=0
L0,26.49,9.64,-10.26
L7,28.64,10.43,17.46
L14,20.91,7.61,40.27
L21,9.61,3.50,57.02
L28,-2.56,-0.93,69.34
L35,-14.65,-5.33,78.52
L42,-26.33,-9.58,85.40
L49,-37.48,-13.64,90.50
L56,-48.05,-17.49,94.21
L63,-58.04,-21.12,96.76
L70,-67.46,-24.55,98.36
L77,-76.32,-27.78,99.14
L84,-84.64,-30.81,99.21
L91,-92.43,-33.64,98.67
L98,-99.71,-36.29,97.59
L105,-106.50,-38.76,96.01
L112,-112.80,-41.06,94.00
L119,-118.63,-43.18,91.59
L126,-123.99,-45.13,88.82
L133,-128.89,-46.91,85.72
L140,-133.33,-48.53,82.32
L147,-137.33,-49.98,78.64
L154,-140.87,-51.27,74.71
L161,-143.97,-52.40,70.53
L168,-146.62,-53.36,66.14
L175,-148.82,-54.17,61.54
L182,-150.57,-54.80,56.76
L189,-151.85,-55.27,51.80
L196,-152.68,-55.57,46.69
L203,-153.03,-55.70,41.43
L210,-152.91,-55.65,36.04
L217,-152.28,-55.43,30.53
L224,-151.16,-55.02,24.93
L231,-149.50,-54.42,19.23
L238,-147.31,-53.62,13.47
L245,-144.55,-52.61,7.66
L252,-141.20,-51.39,1.81
L259,-137.23,-49.95,-4.04
L266,-132.60,-48.26,-9.87
L273,-127.27,-46.32,-15.66
L280,-121.19,-44.11,-21.34
L287,-114.30,-41.60,-26.89
L294,-106.53,-38.77,-32.22
L301,-97.78,-35.59,-37.26
L308,-87.95,-32.01,-41.88
L315,-76.90,-27.99,-45.92
L322,-64.46,-23.46,-49.11
L329,-50.41,-18.35,-51.06
L336,-34.51,-12.56,-51.10
L343,-16.58,-6.03,-47.98
L350,3.03,1.10,-39.33
L357,21.24,7.73,-21.27
a=100 e=0.70 i=90 Ω=30 ϖ=0
L0,22.50,12.99,-15.00
L7,28.62,16.53,11.90
L14,25.03,14.45,35.79
L21,17.29,9.98,54.37
L28,8.11,4.68,68.76
L35,-1.49,-0.86,80.03
L42,-11.06,-6.38,88.97
L49,-20.41,-11.78,96.05
L56,-29.44,-17.00,101.65
L63,-38.13,-22.01,106.02
L70,-46.43,-26.81,109.33
L77,-54.36,-31.38,111.73
L84,-61.90,-35.74,113.35
L91,-69.05,-39.87,114.25
L98,-75.83,-43.78,114.53
L105,-82.22,-47.47,114.23
L112,-88.24,-50.95,113.42
L119,-93.89,-54.21,112.12
L126,-99.17,-57.26,110.39
L133,-104.09,-60.09,108.24
L140,-108.63,-62.72,105.71
L147,-112.81,-65.13,102.83
L154,-116.62,-67.33,99.60
L161,-120.06,-69.32,96.07
L168,-123.13,-71.09,92.23
L175,-125.81,-72.64,88.11
L182,-128.12,-73.97,83.72
L189,-130.03,-75.08,79.08
L196,-131.55,-75.95,74.19
L203,-132.66,-76.59,69.08
L210,-133.36,-76.99,63.75
L217,-133.62,-77.15,58.21
L224,-133.44,-77.04,52.48
L231,-132.80,-76.67,46.57
L238,-131.67,-76.02,40.49
L245,-130.04,-75.08,34.25
L252,-127.88,-73.83,27.88
L259,-125.16,-72.26,21.38
L266,-121.83,-70.34,14.78
L273,-117.87,-68.05,8.10
L280,-113.21,-65.36,1.38
L287,-107.79,-62.23,-5.36
L294,-101.53,-58.62,-12.04
L301,-94.35,-54.47,-18.62
L308,-86.13,-49.72,-24.99
L315,-76.70,-44.28,-31.01
L322,-65.89,-38.04,-36.45
L329,-53.43,-30.85,-40.97
L336,-39.01,-22.52,-43.94
L343,-22.26,-12.85,-44.18
L350,-3.16,-1.83,-39.29
L357,16.08,9.28,-24.88
a=100 e=0.70 i=90 Ω=40 ϖ=0
L0,17.60,14.77,-19.28
L7,26.52,22.25,5.98
L14,26.57,22.29,30.23
L21,22.30,18.71,50.08
L28,16.21,13.60,66.09
L35,9.35,7.85,79.12
L42,2.20,1.85,89.83
L49,-5.00,-4.19,98.69
L56,-12.13,-10.17,106.01
L63,-19.11,-16.03,112.05
L70,-25.91,-21.74,116.98
L77,-32.49,-27.26,120.94
L84,-38.84,-32.59,124.04
L91,-44.95,-37.72,126.36
L98,-50.82,-42.64,127.99
L105,-56.43,-47.35,128.98
L112,-61.78,-51.84,129.39
L119,-66.88,-56.12,129.25
L126,-71.71,-60.17,128.59
L133,-76.27,-64.00,127.47
L140,-80.57,-67.61,125.89
L147,-84.59,-70.98,123.88
L154,-88.34,-74.13,121.47
L161,-91.81,-77.04,118.68
L168,-94.99,-79.70,115.51
L175,-97.88,-82.13,112.00
L182,-100.47,-84.30,108.14
L189,-102.76,-86.22,103.95
L196,-104.73,-87.88,99.44
L203,-106.38,-89.26,94.63
L210,-107.69,-90.36,89.52
L217,-108.66,-91.17,84.12
L224,-109.26,-91.68,78.44
L231,-109.49,-91.87,72.49
L238,-109.32,-91.73,66.27
L245,-108.73,-91.23,59.81
L252,-107.69,-90.36,53.09
L259,-106.18,-89.10,46.15
L266,-104.17,-87.41,38.98
L273,-101.60,-85.25,31.61
L280,-98.43,-82.59,24.06
L287,-94.61,-79.38,16.34
L294,-90.05,-75.56,8.50
L301,-84.67,-71.05,0.58
L308,-78.35,-65.74,-7.34
L315,-70.94,-59.53,-15.16
L322,-62.25,-52.23,-22.69
L329,-52.00,-43.63,-29.63
L336,-39.83,-33.42,-35.45
L343,-25.27,-21.20,-39.05
L350,-7.98,-6.70,-38.06
L357,10.70,8.98,-27.72
a=100 e=0.70 i=90 Ω=45 ϖ=0
L0,15.00,15.00,-21.21
L7,24.75,24.75,2.94
L14,26.29,26.29,27.09
L21,23.59,23.59,47.35
L28,18.98,18.98,63.99
L35,13.47,13.47,77.75
L42,7.56,7.56,89.24
L49,1.49,1.49,98.88
L56,-4.62,-4.62,106.99
L63,-10.67,-10.67,113.80
L70,-16.61,-16.61,119.48
L77,-22.42,-22.42,124.17
L84,-28.07,-28.07,127.98
L91,-33.55,-33.55,131.00
L98,-38.84,-38.84,133.29
L105,-43.94,-43.94,134.91
L112,-48.84,-48.84,135.92
L119,-53.53,-53.53,136.36
L126,-58.01,-58.01,136.26
L133,-62.28,-62.28,135.66
L140,-66.33,-66.33,134.58
L147,-70.15,-70.15,133.04
L154,-73.75,-73.75,131.06
L161,-77.11,-77.11,128.67
L168,-80.23,-80.23,125.88
L175,-83.10,-83.10,122.71
L182,-85.72,-85.72,119.16
L189,-88.08,-88.08,115.24
L196,-90.17,-90.17,110.98
L203,-91.99,-91.99,106.37
L210,-93.51,-93.51,101.43
L217,-94.73,-94.73,96.16
L224,-95.64,-95.64,90.57
L231,-96.21,-96.21,84.67
L238,-96.44,-96.44,78.46
L245,-96.29,-96.29,71.95
L252,-95.76,-95.76,65.15
L259,-94.80,-94.80,58.05
L266,-93.38,-93.38,50.69
L273,-91.48,-91.48,43.05
L280,-89.03,-89.03,35.16
L287,-85.99,-85.99,27.04
L294,-82.28,-82.28,18.71
L301,-77.82,-77.82,10.21
L308,-72.50,-72.50,1.60
L315,-66.17,-66.17,-7.03
L322,-58.64,-58.64,-15.52
L329,-49.64,-49.64,-23.61
L336,-38.81,-38.81,-30.79
L343,-25.64,-25.64,-36.03
L350,-9.68,-9.68,-37.01
L357,8.13,8.13,-28.83
a=100 e=0.70 i=90 Ω=50 ϖ=0
L0,12.40,14.77,-22.98
L7,22.58,26.91,-0.12
L14,25.33,30.18,23.75
L21,24.02,28.62,44.26
L28,20.77,24.75,61.41
L35,16.56,19.73,75.80
L42,11.85,14.12,87.97
L49,6.89,8.21,98.32
L56,1.81,2.16,107.15
L63,-3.28,-3.91,114.68
L70,-8.35,-9.95,121.07
L77,-13.35,-15.91,126.46
L84,-18.25,-21.75,130.96
L91,-23.04,-27.46,134.63
L98,-27.71,-33.02,137.57
L105,-32.23,-38.41,139.82
L112,-36.61,-43.63,141.43
L119,-40.84,-48.67,142.44
L126,-44.90,-53.51,142.90
L133,-48.80,-58.16,142.82
L140,-52.53,-62.60,142.24
L147,-56.08,-66.83,141.18
L154,-59.44,-70.84,139.65
L161,-62.62,-74.63,137.69
L168,-65.60,-78.18,135.29
L175,-68.38,-81.49,132.48
L182,-70.95,-84.56,129.27
L189,-73.31,-87.37,125.66
L196,-75.44,-89.91,121.67
L203,-77.34,-92.17,117.31
L210,-79.00,-94.15,112.57
L217,-80.40,-95.82,107.47
L224,-81.53,-97.17,102.02
L231,-82.38,-98.18,96.21
L238,-82.94,-98.84,90.05
L245,-83.17,-99.12,83.54
L252,-83.07,-98.99,76.70
L259,-82.59,-98.43,69.52
L266,-81.73,-97.40,62.00
L273,-80.43,-95.85,54.16
L280,-78.65,-93.74,46.00
L287,-76.35,-91.00,37.54
L294,-73.46,-87.55,28.78
L301,-69.90,-83.30,19.76
L308,-65.56,-78.14,10.53
L315,-60.31,-71.88,1.16
L322,-53.97,-64.32,-8.23
L329,-46.27,-55.15,-17.40
L336,-36.87,-43.94,-25.89
L343,-25.24,-30.08,-32.73
L350,-10.84,-12.92,-35.67
L357,5.74,6.85,-29.72
a=100 e=0.70 i=90 Ω=60 ϖ=0
L0,7.50,12.99,-25.98
L7,17.29,29.94,-6.22
L14,21.46,37.18,16.54
L21,22.24,38.52,37.10
L28,21.24,36.79,54.86
L35,19.26,33.37,70.17
L42,16.71,28.95,83.43
L49,13.81,23.92,94.97
L56,10.69,18.52,105.03
L63,7.44,12.89,113.82
L70,4.12,7.13,121.49
L77,0.75,1.31,128.15
L84,-2.61,-4.52,133.90
L91,-5.96,-10.33,138.81
L98,-9.28,-16.07,142.96
L105,-12.55,-21.74,146.40
L112,-15.77,-27.31,149.17
L119,-18.92,-32.76,151.31
L126,-21.99,-38.09,152.86
L133,-24.98,-43.27,153.83
L140,-27.89,-48.30,154.27
L147,-30.70,-53.17,154.18
L154,-33.41,-57.87,153.59
L161,-36.01,-62.38,152.51
L168,-38.51,-66.69,150.96
L175,-40.88,-70.81,148.94
L182,-43.13,-74.70,146.47
L189,-45.25,-78.37,143.56
L196,-47.23,-81.80,140.20
L203,-49.06,-84.98,136.42
L210,-50.74,-87.89,132.20
L217,-52.26,-90.51,127.56
L224,-53.60,-92.84,122.49
L231,-54.76,-94.84,117.00
L238,-55.71,-96.50,111.08
L245,-56.46,-97.79,104.74
L252,-56.97,-98.68,97.97
L259,-57.23,-99.13,90.77
L266,-57.22,-99.11,83.14
L273,-56.91,-98.57,75.07
L280,-56.26,-97.44,66.55
L287,-55.23,-95.66,57.59
L294,-53.78,-93.15,48.19
L301,-51.83,-89.77,38.35
L308,-49.31,-85.41,28.08
L315,-46.10,-79.85,17.43
L322,-42.06,-72.85,6.47
L329,-36.96,-64.02,-4.63
L336,-30.49,-52.81,-15.53
L343,-22.18,-38.41,-25.41
L350,-11.40,-19.75,-32.20
L357,1.82,3.15,-30.83
a=100 e=0.70 i=90 Ω=70 ϖ=0
L0,3.51,9.64,-28.19
L7,11.28,30.98,-12.13
L14,15.44,42.43,8.84
L21,17.19,47.22,28.82
L28,17.57,48.27,46.65
L35,17.15,47.11,62.41
L42,16.21,44.55,76.36
L49,14.94,41.06,88.73
L56,13.44,36.93,99.73
L63,11.77,32.35,109.51
L70,9.99,27.44,118.21
L77,8.12,22.31,125.94
L84,6.19,17.01,132.77
L91,4.23,11.62,138.78
L98,2.24,6.15,144.01
L105,0.24,0.66,148.54
L112,-1.76,-4.84,152.38
L119,-3.76,-10.32,155.58
L126,-5.74,-15.76,158.17
L133,-7.69,-21.14,160.17
L140,-9.63,-26.44,161.61
L147,-11.52,-31.66,162.50
L154,-13.38,-36.77,162.86
L161,-15.20,-41.77,162.70
L168,-16.97,-46.64,162.04
L175,-18.69,-51.36,160.88
L182,-20.35,-55.92,159.23
L189,-21.96,-60.32,157.09
L196,-23.49,-64.53,154.48
L203,-24.95,-68.55,151.38
L210,-26.33,-72.34,147.81
L217,-27.63,-75.91,143.77
L224,-28.83,-79.22,139.25
L231,-29.94,-82.25,134.24
L238,-30.93,-84.99,128.75
L245,-31.81,-87.40,122.76
L252,-32.56,-89.46,116.27
L259,-33.16,-91.12,109.27
L266,-33.61,-92.34,101.75
L273,-33.88,-93.08,93.69
L280,-33.95,-93.27,85.08
L287,-33.79,-92.83,75.90
L294,-33.37,-91.67,66.13
L301,-32.64,-89.67,55.76
L308,-31.55,-86.68,44.78
L315,-30.02,-82.48,33.18
L322,-27.95,-76.79,20.98
L329,-25.17,-69.16,8.27
L336,-21.46,-58.97,-4.71
L343,-16.45,-45.19,-17.32
L350,-9.59,-26.36,-27.75
L357,-0.60,-1.66,-30.99
a=100 e=0.70 i=90 Ω=80 ϖ=0
L0,0.90,5.13,-29.54
L7,5.27,29.90,-17.67
L14,7.99,45.30,0.87
L21,9.46,53.66,19.65
L28,10.19,57.79,37.02
L35,10.45,59.29,52.76
L42,10.41,59.03,66.97
L49,10.15,57.55,79.79
L56,9.73,55.17,91.39
L63,9.19,52.11,101.87
L70,8.56,48.54,111.35
L77,7.86,44.56,119.90
L84,7.10,40.27,127.61
L91,6.30,35.72,134.52
L98,5.46,30.98,140.69
L105,4.60,26.08,146.16
L112,3.71,21.06,150.96
L119,2.81,15.95,155.12
L126,1.90,10.78,158.68
L133,0.98,5.57,161.65
L140,0.06,0.34,164.04
L147,-0.86,-4.89,165.88
L154,-1.78,-10.10,167.18
L161,-2.70,-15.29,167.95
L168,-3.60,-20.42,168.19
L175,-4.50,-25.49,167.92
L182,-5.38,-30.49,167.14
L189,-6.24,-35.39,165.85
L196,-7.09,-40.19,164.05
L203,-7.91,-44.86,161.75
L210,-8.71,-49.39,158.94
L217,-9.48,-53.76,155.61
L224,-10.22,-57.95,151.77
L231,-10.92,-61.94,147.40
L238,-11.59,-65.70,142.50
L245,-12.20,-69.22,137.05
L252,-12.77,-72.45,131.04
L259,-13.29,-75.36,124.45
L266,-13.74,-77.91,117.27
L273,-14.11,-80.04,109.47
L280,-14.41,-81.71,101.02
L287,-14.60,-82.83,91.90
L294,-14.69,-83.30,82.07
L301,-14.64,-83.02,71.49
L308,-14.42,-81.81,60.12
L315,-14.01,-79.46,47.92
L322,-13.34,-75.66,34.85
L329,-12.34,-69.97,20.93
L336,-10.87,-61.66,6.26
L343,-8.75,-49.61,-8.71
L350,-5.63,-31.95,-22.46
L357,-1.24,-7.01,-30.21
a=100 e=0.70 i=90 Ω=85 ϖ=0
L0,0.23,2.60,-29.89
L7,2.50,28.60,-20.25
L14,4.00,45.72,-3.15
L21,4.88,55.78,14.83
L28,5.38,61.46,31.77
L35,5.63,64.33,47.31
L42,5.71,65.30,61.49
L49,5.68,64.92,74.40
L56,5.56,63.53,86.16
L63,5.37,61.36,96.87
L70,5.13,58.58,106.63
L77,4.84,55.31,115.50
L84,4.52,51.66,123.56
L91,4.17,47.68,130.85
L98,3.80,43.43,137.41
L105,3.41,38.97,143.29
L112,3.00,34.33,148.52
L119,2.58,29.54,153.12
L126,2.16,24.64,157.12
L133,1.72,19.65,160.54
L140,1.28,14.59,163.39
L147,0.83,9.48,165.68
L154,0.38,4.33,167.44
L161,-0.07,-0.82,168.66
L168,-0.52,-5.98,169.36
L175,-0.97,-11.11,169.54
L182,-1.42,-16.21,169.20
L189,-1.86,-21.27,168.35
L196,-2.30,-26.25,166.99
L203,-2.73,-31.16,165.10
L210,-3.15,-35.97,162.70
L217,-3.56,-40.66,159.78
L224,-3.96,-45.22,156.32
L231,-4.34,-49.62,152.32
L238,-4.71,-53.84,147.77
L245,-5.06,-57.85,142.65
L252,-5.39,-61.63,136.95
L259,-5.70,-65.13,130.65
L266,-5.98,-68.32,123.72
L273,-6.23,-71.16,116.13
L280,-6.44,-73.57,107.87
L287,-6.60,-75.49,98.88
L294,-6.72,-76.82,89.13
L301,-6.78,-77.45,78.56
L308,-6.76,-77.22,67.13
L315,-6.64,-75.91,54.77
L322,-6.41,-73.22,41.42
L329,-6.01,-68.69,27.04
L336,-5.39,-61.59,11.69
L343,-4.44,-50.74,-4.29
L350,-2.99,-34.15,-19.55
L357,-0.85,-9.69,-29.48
a=100 e=0.70 i=90 Ω=89 ϖ=0
L0,0.01,0.52,-30.00
L7,0.48,27.22,-22.20
L14,0.80,45.56,-6.34
L21,0.99,56.88,10.89
L28,1.11,63.75,27.39
L35,1.18,67.71,42.69
L42,1.22,69.67,56.76
L49,1.23,70.19,69.67
L56,1.22,69.61,81.50
L63,1.19,68.19,92.34
L70,1.15,66.09,102.27
L77,1.11,63.44,111.35
L84,1.05,60.34,119.64
L91,0.99,56.86,127.19
L98,0.93,53.07,134.04
L105,0.86,49.01,140.22
L112,0.78,44.73,145.76
L119,0.70,40.26,150.68
L126,0.62,35.63,155.01
L133,0.54,30.87,158.77
L140,0.45,26.00,161.97
L147,0.37,21.04,164.62
L154,0.28,16.02,166.73
L161,0.19,10.94,168.31
L168,0.10,5.83,169.37
L175,0.01,0.70,169.91
L182,-0.08,-4.43,169.93
L189,-0.17,-9.55,169.43
L196,-0.26,-14.64,168.42
L203,-0.34,-19.68,166.88
L210,-0.43,-24.66,164.83
L217,-0.52,-29.57,162.24
L224,-0.60,-34.37,159.11
L231,-0.68,-39.05,155.42
L238,-0.76,-43.60,151.18
L245,-0.84,-47.97,146.35
L252,-0.91,-52.15,140.93
L259,-0.98,-56.10,134.89
L266,-1.04,-59.78,128.20
L273,-1.10,-63.14,120.83
L280,-1.15,-66.13,112.76
L287,-1.20,-68.68,103.93
L294,-1.23,-70.70,94.29
L301,-1.26,-72.06,83.80
L308,-1.27,-72.63,72.37
L315,-1.26,-72.18,59.95
L322,-1.23,-70.42,46.44
L329,-1.17,-66.89,31.79
L336,-1.06,-60.85,15.98
L343,-0.89,-51.11,-0.72
L350,-0.62,-35.55,-17.11
L357,-0.21,-11.76,-28.72
a=100 e=0.70 i=90 Ω=90 ϖ=0
L0,0.00,0.00,-30.00
L7,0.00,26.83,-22.67
L14,0.00,45.45,-7.14
L21,0.00,57.07,9.89
L28,0.00,64.22,26.27
L35,0.00,68.45,41.51
L42,0.00,70.66,55.54
L49,0.00,71.41,68.43
L56,-0.00,71.04,80.27
L63,-0.00,69.80,91.13
L70,-0.00,67.87,101.10
L77,-0.00,65.38,110.22
L84,-0.00,62.42,118.57
L91,-0.00,59.08,126.18
L98,-0.00,55.41,133.09
L105,-0.00,51.46,139.34
L112,-0.00,47.27,144.95
L119,-0.00,42.89,149.95
L126,-0.00,38.34,154.37
L133,-0.00,33.64,158.21
L140,-0.00,28.83,161.49
L147,-0.00,23.92,164.22
L154,-0.00,18.93,166.42
L161,-0.00,13.88,168.09
L168,-0.00,8.79,169.24
L175,-0.00,3.66,169.87
L182,-0.00,-1.47,169.98
L189,-0.00,-6.59,169.57
L196,-0.00,-11.70,168.65
L203,-0.00,-16.77,167.20
L210,-0.00,-21.79,165.23
L217,-0.00,-26.74,162.73
L224,-0.00,-31.59,159.68
L231,-0.00,-36.34,156.08
L238,-0.00,-40.96,151.92
L245,-0.00,-45.42,147.17
L252,-0.00,-49.69,141.82
L259,-0.00,-53.75,135.85
L266,-0.00,-57.54,129.22
L273,-0.00,-61.03,121.92
L280,-0.00,-64.17,113.89
L287,-0.00,-66.87,105.11
L294,-0.00,-69.05,95.51
L301,-0.00,-70.60,85.04
L308,-0.00,-71.37,73.63
L315,-0.00,-71.14,61.20
L322,-0.00,-69.61,47.66
L329,-0.00,-66.33,32.95
L336,-0.00,-60.58,17.04
L343,-0.00,-51.12,0.17
L350,-0.00,-35.85,-16.48
L357,0.00,-12.26,-28.52
